  0.0000000e+000  3.0631120e+000
  1.0000000e+000  3.0655539e+000
  2.0000000e+000  3.0728631e+000
  3.0000000e+000  3.0849910e+000
  4.0000000e+000  3.1018570e+000
  5.0000000e+000  3.1233486e+000
  6.0000000e+000  3.1493231e+000
  7.0000000e+000  3.1796082e+000
  8.0000000e+000  3.2140033e+000
  9.0000000e+000  3.2522814e+000
  1.0000000e+001  3.2941908e+000
  1.1000000e+001  3.3394573e+000
  1.2000000e+001  3.3877869e+000
  1.3000000e+001  3.4388681e+000
  1.4000000e+001  3.4923750e+000
  1.5000000e+001  3.5479706e+000
  1.6000000e+001  3.6053099e+000
  1.7000000e+001  3.6640435e+000
  1.8000000e+001  3.7238209e+000
  1.9000000e+001  3.7842942e+000
  2.0000000e+001  3.8451217e+000
  2.1000000e+001  3.9059712e+000
  2.2000000e+001  3.9665230e+000
  2.3000000e+001  4.0264732e+000
  2.4000000e+001  4.0855364e+000
  2.5000000e+001  4.1434479e+000
  2.6000000e+001  4.1999656e+000
  2.7000000e+001  4.2548718e+000
  2.8000000e+001  4.3079744e+000
  2.9000000e+001  4.3591073e+000
  3.0000000e+001  4.4081307e+000
  3.1000000e+001  4.4549314e+000
  3.2000000e+001  4.4994215e+000
  3.3000000e+001  4.5415383e+000
  3.4000000e+001  4.5812425e+000
  3.5000000e+001  4.6185171e+000
  3.6000000e+001  4.6533656e+000
  3.7000000e+001  4.6858100e+000
  3.8000000e+001  4.7158891e+000
  3.9000000e+001  4.7436565e+000
  4.0000000e+001  4.7691783e+000
  4.1000000e+001  4.7925315e+000
  4.2000000e+001  4.8138017e+000
  4.3000000e+001  4.8330814e+000
  4.4000000e+001  4.8504684e+000
  4.5000000e+001  4.8660641e+000
  4.6000000e+001  4.8799720e+000
  4.7000000e+001  4.8922963e+000
  4.8000000e+001  4.9031410e+000
  4.9000000e+001  4.9126089e+000
  5.0000000e+001  4.9208004e+000
  5.1000000e+001  4.9278132e+000
  5.2000000e+001  4.9337415e+000
  5.3000000e+001  4.9386756e+000
  5.4000000e+001  4.9427015e+000
  5.5000000e+001  4.9459007e+000
  5.6000000e+001  4.9483503e+000
  5.7000000e+001  4.9501224e+000
  5.8000000e+001  4.9512844e+000
  5.9000000e+001  4.9518993e+000
  6.0000000e+001  4.9520254e+000
  6.1000000e+001  4.9517163e+000
  6.2000000e+001  4.9510218e+000
  6.3000000e+001  4.9499873e+000
  6.4000000e+001  4.9486544e+000
  6.5000000e+001  4.9470612e+000
  6.6000000e+001  4.9452422e+000
  6.7000000e+001  4.9432288e+000
  6.8000000e+001  4.9410495e+000
  6.9000000e+001  4.9387301e+000
  7.0000000e+001  4.9362937e+000
  7.1000000e+001  4.9337614e+000
  7.2000000e+001  4.9311519e+000
  7.3000000e+001  4.9284823e+000
  7.4000000e+001  4.9257677e+000
  7.5000000e+001  4.9230220e+000
  7.6000000e+001  4.9202575e+000
  7.7000000e+001  4.9174852e+000
  7.8000000e+001  4.9147151e+000
  7.9000000e+001  4.9119562e+000
  8.0000000e+001  4.9092164e+000
  8.1000000e+001  4.9065030e+000
  8.2000000e+001  4.9038224e+000
  8.3000000e+001  4.9011804e+000
  8.4000000e+001  4.8985820e+000
  8.5000000e+001  4.8960318e+000
  8.6000000e+001  4.8935337e+000
  8.7000000e+001  4.8910909e+000
  8.8000000e+001  4.8887065e+000
  8.9000000e+001  4.8863827e+000
  9.0000000e+001  4.8841213e+000
  9.1000000e+001  4.8819237e+000
  9.2000000e+001  4.8797908e+000
  9.3000000e+001  4.8777229e+000
  9.4000000e+001  4.8757200e+000
  9.5000000e+001  4.8737815e+000
  9.6000000e+001  4.8719067e+000
  9.7000000e+001  4.8700940e+000
  9.8000000e+001  4.8683418e+000
  9.9000000e+001  4.8666480e+000
  1.0000000e+002  4.8650101e+000
  1.0100000e+002  4.8634256e+000
  1.0200000e+002  4.8618915e+000
  1.0300000e+002  4.8604047e+000
  1.0400000e+002  4.8589618e+000
  1.0500000e+002  4.8575596e+000
  1.0600000e+002  4.8561945e+000
  1.0700000e+002  4.8548631e+000
  1.0800000e+002  4.8535619e+000
  1.0900000e+002  4.8522878e+000
  1.1000000e+002  4.8510374e+000
  1.1100000e+002  4.8498077e+000
  1.1200000e+002  4.8485959e+000
  1.1300000e+002  4.8473993e+000
  1.1400000e+002  4.8462157e+000
  1.1500000e+002  4.8450430e+000
  1.1600000e+002  4.8438794e+000
  1.1700000e+002  4.8427233e+000
  1.1800000e+002  4.8415736e+000
  1.1900000e+002  4.8404294e+000
  1.2000000e+002  4.8392901e+000
  1.2100000e+002  4.8381551e+000
  1.2200000e+002  4.8370244e+000
  1.2300000e+002  4.8358981e+000
  1.2400000e+002  4.8347763e+000
  1.2500000e+002  4.8336596e+000
  1.2600000e+002  4.8325482e+000
  1.2700000e+002  4.8314430e+000
  1.2800000e+002  4.8303445e+000
  1.2900000e+002  4.8292534e+000
  1.3000000e+002  4.8281705e+000
  1.3100000e+002  4.8270963e+000
  1.3200000e+002  4.8260316e+000
  1.3300000e+002  4.8249768e+000
  1.3400000e+002  4.8239326e+000
  1.3500000e+002  4.8228992e+000
  1.3600000e+002  4.8218771e+000
  1.3700000e+002  4.8208664e+000
  1.3800000e+002  4.8198673e+000
  1.3900000e+002  4.8188798e+000
  1.4000000e+002  4.8179039e+000
  1.4100000e+002  4.8169394e+000
  1.4200000e+002  4.8159862e+000
  1.4300000e+002  4.8150439e+000
  1.4400000e+002  4.8141123e+000
  1.4500000e+002  4.8131911e+000
  1.4600000e+002  4.8122798e+000
  1.4700000e+002  4.8113781e+000
  1.4800000e+002  4.8104857e+000
  1.4900000e+002  4.8096021e+000
  1.5000000e+002  4.8087269e+000
  1.5100000e+002  4.8078599e+000
  1.5200000e+002  4.8070005e+000
  1.5300000e+002  4.8061486e+000
  1.5400000e+002  4.8053038e+000
  1.5500000e+002  4.8044659e+000
  1.5600000e+002  4.8036344e+000
  1.5700000e+002  4.8028093e+000
  1.5800000e+002  4.8019902e+000
  1.5900000e+002  4.8011768e+000
  1.6000000e+002  4.8003690e+000
  1.6100000e+002  4.7995666e+000
  1.6200000e+002  4.7987692e+000
  1.6300000e+002  4.7979768e+000
  1.6400000e+002  4.7971890e+000
  1.6500000e+002  4.7964058e+000
  1.6600000e+002  4.7956269e+000
  1.6700000e+002  4.7948522e+000
  1.6800000e+002  4.7940816e+000
  1.6900000e+002  4.7933150e+000
  1.7000000e+002  4.7925524e+000
  1.7100000e+002  4.7917939e+000
  1.7200000e+002  4.7910396e+000
  1.7300000e+002  4.7902897e+000
  1.7400000e+002  4.7895445e+000
  1.7500000e+002  4.7888045e+000
  1.7600000e+002  4.7880700e+000
  1.7700000e+002  4.7873419e+000
  1.7800000e+002  4.7866208e+000
  1.7900000e+002  4.7859075e+000
  1.8000000e+002  4.7852031e+000
  1.8100000e+002  4.7845085e+000
  1.8200000e+002  4.7838251e+000
  1.8300000e+002  4.7831539e+000
  1.8400000e+002  4.7824964e+000
  1.8500000e+002  4.7818537e+000
  1.8600000e+002  4.7812275e+000
  1.8700000e+002  4.7806189e+000
  1.8800000e+002  4.7800294e+000
  1.8900000e+002  4.7794602e+000
  1.9000000e+002  4.7789127e+000
  1.9100000e+002  4.7783878e+000
  1.9200000e+002  4.7778867e+000
  1.9300000e+002  4.7774103e+000
  1.9400000e+002  4.7769591e+000
  1.9500000e+002  4.7765339e+000
  1.9600000e+002  4.7761348e+000
  1.9700000e+002  4.7757621e+000
  1.9800000e+002  4.7754157e+000
  1.9900000e+002  4.7750954e+000
  2.0000000e+002  4.7748006e+000
  2.0100000e+002  4.7745306e+000
  2.0200000e+002  4.7742848e+000
  2.0300000e+002  4.7740619e+000
  2.0400000e+002  4.7738609e+000
  2.0500000e+002  4.7736804e+000
  2.0600000e+002  4.7735190e+000
  2.0700000e+002  4.7733752e+000
  2.0800000e+002  4.7732474e+000
  2.0900000e+002  4.7731339e+000
  2.1000000e+002  4.7730333e+000
  2.1100000e+002  4.7729437e+000
  2.1200000e+002  4.7728637e+000
  2.1300000e+002  4.7727916e+000
  2.1400000e+002  4.7727258e+000
  2.1500000e+002  4.7726649e+000
  2.1600000e+002  4.7726075e+000
  2.1700000e+002  4.7725522e+000
  2.1800000e+002  4.7724977e+000
  2.1900000e+002  4.7724427e+000
  2.2000000e+002  4.7723860e+000
  2.2100000e+002  4.7723264e+000
  2.2200000e+002  4.7722628e+000
  2.2300000e+002  4.7721939e+000
  2.2400000e+002  4.7721186e+000
  2.2500000e+002  4.7720357e+000
  2.2600000e+002  4.7719438e+000
  2.2700000e+002  4.7718418e+000
  2.2800000e+002  4.7717283e+000
  2.2900000e+002  4.7716019e+000
  2.3000000e+002  4.7714611e+000
  2.3100000e+002  4.7713045e+000
  2.3200000e+002  4.7711305e+000
  2.3300000e+002  4.7709378e+000
  2.3400000e+002  4.7707249e+000
  2.3500000e+002  4.7704904e+000
  2.3600000e+002  4.7702330e+000
  2.3700000e+002  4.7699516e+000
  2.3800000e+002  4.7696453e+000
  2.3900000e+002  4.7693133e+000
  2.4000000e+002  4.7689554e+000
  2.4100000e+002  4.7685713e+000
  2.4200000e+002  4.7681614e+000
  2.4300000e+002  4.7677264e+000
  2.4400000e+002  4.7672675e+000
  2.4500000e+002  4.7667861e+000
  2.4600000e+002  4.7662846e+000
  2.4700000e+002  4.7657653e+000
  2.4800000e+002  4.7652314e+000
  2.4900000e+002  4.7646864e+000
  2.5000000e+002  4.7641343e+000
  2.5100000e+002  4.7635794e+000
  2.5200000e+002  4.7630265e+000
  2.5300000e+002  4.7624806e+000
  2.5400000e+002  4.7619467e+000
  2.5500000e+002  4.7614303e+000
  2.5600000e+002  4.7609366e+000
  2.5700000e+002  4.7604708e+000
  2.5800000e+002  4.7600381e+000
  2.5900000e+002  4.7596431e+000
  2.6000000e+002  4.7592901e+000
  2.6100000e+002  4.7589830e+000
  2.6200000e+002  4.7587248e+000
  2.6300000e+002  4.7585181e+000
  2.6400000e+002  4.7583645e+000
  2.6500000e+002  4.7582647e+000
  2.6600000e+002  4.7582184e+000
  2.6700000e+002  4.7582245e+000
  2.6800000e+002  4.7582808e+000
  2.6900000e+002  4.7583840e+000
  2.7000000e+002  4.7585297e+000
  2.7100000e+002  4.7587129e+000
  2.7200000e+002  4.7589272e+000
  2.7300000e+002  4.7591657e+000
  2.7400000e+002  4.7594205e+000
  2.7500000e+002  4.7596832e+000
  2.7600000e+002  4.7599450e+000
  2.7700000e+002  4.7601964e+000
  2.7800000e+002  4.7604280e+000
  2.7900000e+002  4.7606302e+000
  2.8000000e+002  4.7607937e+000
  2.8100000e+002  4.7609092e+000
  2.8200000e+002  4.7609684e+000
  2.8300000e+002  4.7609630e+000
  2.8400000e+002  4.7608862e+000
  2.8500000e+002  4.7607317e+000
  2.8600000e+002  4.7604946e+000
  2.8700000e+002  4.7601711e+000
  2.8800000e+002  4.7597589e+000
  2.8900000e+002  4.7592569e+000
  2.9000000e+002  4.7586658e+000
  2.9100000e+002  4.7579878e+000
  2.9200000e+002  4.7572264e+000
  2.9300000e+002  4.7563869e+000
  2.9400000e+002  4.7554759e+000
  2.9500000e+002  4.7545018e+000
  2.9600000e+002  4.7534738e+000
  2.9700000e+002  4.7524028e+000
  2.9800000e+002  4.7513006e+000
  2.9900000e+002  4.7501798e+000
  3.0000000e+002  4.7490541e+000
  3.0100000e+002  4.7479376e+000
  3.0200000e+002  4.7468447e+000
  3.0300000e+002  4.7457901e+000
  3.0400000e+002  4.7447886e+000
  3.0500000e+002  4.7438547e+000
  3.0600000e+002  4.7430023e+000
  3.0700000e+002  4.7422451e+000
  3.0800000e+002  4.7415956e+000
  3.0900000e+002  4.7410656e+000
  3.1000000e+002  4.7406656e+000
  3.1100000e+002  4.7404050e+000
  3.1200000e+002  4.7402918e+000
  3.1300000e+002  4.7403322e+000
  3.1400000e+002  4.7405312e+000
  3.1500000e+002  4.7408920e+000
  3.1600000e+002  4.7414161e+000
  3.1700000e+002  4.7421033e+000
  3.1800000e+002  4.7429519e+000
  3.1900000e+002  4.7439582e+000
  3.2000000e+002  4.7451172e+000
  3.2100000e+002  4.7464222e+000
  3.2200000e+002  4.7478649e+000
  3.2300000e+002  4.7494359e+000
  3.2400000e+002  4.7511244e+000
  3.2500000e+002  4.7529184e+000
  3.2600000e+002  4.7548048e+000
  3.2700000e+002  4.7567699e+000
  3.2800000e+002  4.7587988e+000
  3.2900000e+002  4.7608763e+000
  3.3000000e+002  4.7629867e+000
  3.3100000e+002  4.7651136e+000
  3.3200000e+002  4.7672408e+000
  3.3300000e+002  4.7693516e+000
  3.3400000e+002  4.7714295e+000
  3.3500000e+002  4.7734581e+000
  3.3600000e+002  4.7754212e+000
  3.3700000e+002  4.7773028e+000
  3.3800000e+002  4.7790875e+000
  3.3900000e+002  4.7807601e+000
  3.4000000e+002  4.7823063e+000
  3.4100000e+002  4.7837121e+000
  3.4200000e+002  4.7849644e+000
  3.4300000e+002  4.7860508e+000
  3.4400000e+002  4.7869599e+000
  3.4500000e+002  4.7876808e+000
  3.4600000e+002  4.7882041e+000
  3.4700000e+002  4.7885209e+000
  3.4800000e+002  4.7886239e+000
  3.4900000e+002  4.7885064e+000
  3.5000000e+002  4.7881635e+000
  3.5100000e+002  4.7875912e+000
  3.5200000e+002  4.7867871e+000
  3.5300000e+002  4.7857501e+000
  3.5400000e+002  4.7844805e+000
  3.5500000e+002  4.7829806e+000
  3.5600000e+002  4.7812538e+000
  3.5700000e+002  4.7793056e+000
  3.5800000e+002  4.7771429e+000
  3.5900000e+002  4.7747746e+000
  3.6000000e+002  4.7722112e+000
  3.6100000e+002  4.7694649e+000
  3.6200000e+002  4.7665500e+000
  3.6300000e+002  4.7634822e+000
  3.6400000e+002  4.7602789e+000
  3.6500000e+002  4.7569593e+000
  3.6600000e+002  4.7535437e+000
  3.6700000e+002  4.7500542e+000
  3.6800000e+002  4.7465137e+000
  3.6900000e+002  4.7429465e+000
  3.7000000e+002  4.7393775e+000
  3.7100000e+002  4.7358323e+000
  3.7200000e+002  4.7323370e+000
  3.7300000e+002  4.7289177e+000
  3.7400000e+002  4.7256006e+000
  3.7500000e+002  4.7224114e+000
  3.7600000e+002  4.7193751e+000
  3.7700000e+002  4.7165160e+000
  3.7800000e+002  4.7138569e+000
  3.7900000e+002  4.7114196e+000
  3.8000000e+002  4.7092237e+000
  3.8100000e+002  4.7072872e+000
  3.8200000e+002  4.7056259e+000
  3.8300000e+002  4.7042532e+000
  3.8400000e+002  4.7031799e+000
  3.8500000e+002  4.7024143e+000
  3.8600000e+002  4.7019619e+000
  3.8700000e+002  4.7018253e+000
  3.8800000e+002  4.7020043e+000
  3.8900000e+002  4.7024960e+000
  3.9000000e+002  4.7032944e+000
  3.9100000e+002  4.7043909e+000
  3.9200000e+002  4.7057743e+000
  3.9300000e+002  4.7074310e+000
  3.9400000e+002  4.7093450e+000
  3.9500000e+002  4.7114982e+000
  3.9600000e+002  4.7138706e+000
  3.9700000e+002  4.7164409e+000
  3.9800000e+002  4.7191861e+000
  3.9900000e+002  4.7220825e+000
  4.0000000e+002  4.7251053e+000
  4.0100000e+002  4.7282296e+000
  4.0200000e+002  4.7314303e+000
  4.0300000e+002  4.7346823e+000
  4.0400000e+002  4.7379612e+000
  4.0500000e+002  4.7412432e+000
  4.0600000e+002  4.7445054e+000
  4.0700000e+002  4.7477264e+000
  4.0800000e+002  4.7508861e+000
  4.0900000e+002  4.7539661e+000
  4.1000000e+002  4.7569498e+000
  4.1100000e+002  4.7598226e+000
  4.1200000e+002  4.7625718e+000
  4.1300000e+002  4.7651870e+000
  4.1400000e+002  4.7676599e+000
  4.1500000e+002  4.7699843e+000
  4.1600000e+002  4.7721561e+000
  4.1700000e+002  4.7741736e+000
  4.1800000e+002  4.7760366e+000
  4.1900000e+002  4.7777471e+000
  4.2000000e+002  4.7793088e+000
  4.2100000e+002  4.7807269e+000
  4.2200000e+002  4.7820081e+000
  4.2300000e+002  4.7831602e+000
  4.2400000e+002  4.7841920e+000
  4.2500000e+002  4.7851134e+000
  4.2600000e+002  4.7859344e+000
  4.2700000e+002  4.7866658e+000
  4.2800000e+002  4.7873182e+000
  4.2900000e+002  4.7879024e+000
  4.3000000e+002  4.7884288e+000
  4.3100000e+002  4.7889073e+000
  4.3200000e+002  4.7893471e+000
  4.3300000e+002  4.7897567e+000
  4.3400000e+002  4.7901435e+000
  4.3500000e+002  4.7905138e+000
  4.3600000e+002  4.7908726e+000
  4.3700000e+002  4.7912235e+000
  4.3800000e+002  4.7915687e+000
  4.3900000e+002  4.7919090e+000
  4.4000000e+002  4.7922434e+000
  4.4100000e+002  4.7925693e+000
  4.4200000e+002  4.7928828e+000
  4.4300000e+002  4.7931780e+000
  4.4400000e+002  4.7934478e+000
  4.4500000e+002  4.7936833e+000
  4.4600000e+002  4.7938744e+000
  4.4700000e+002  4.7940095e+000
  4.4800000e+002  4.7940758e+000
  4.4900000e+002  4.7940593e+000
  4.5000000e+002  4.7939451e+000
  4.5100000e+002  4.7937174e+000
  4.5200000e+002  4.7933599e+000
  4.5300000e+002  4.7928555e+000
  4.5400000e+002  4.7921871e+000
  4.5500000e+002  4.7913373e+000
  4.5600000e+002  4.7902889e+000
  4.5700000e+002  4.7890252e+000
  4.5800000e+002  4.7875298e+000
  4.5900000e+002  4.7857875e+000
  4.6000000e+002  4.7837839e+000
  4.6100000e+002  4.7815059e+000
  4.6200000e+002  4.7789423e+000
  4.6300000e+002  4.7760833e+000
  4.6400000e+002  4.7729216e+000
  4.6500000e+002  4.7694518e+000
  4.6600000e+002  4.7656713e+000
  4.6700000e+002  4.7615801e+000
  4.6800000e+002  4.7571811e+000
  4.6900000e+002  4.7524801e+000
  4.7000000e+002  4.7474864e+000
  4.7100000e+002  4.7422123e+000
  4.7200000e+002  4.7366735e+000
  4.7300000e+002  4.7308893e+000
  4.7400000e+002  4.7248820e+000
  4.7500000e+002  4.7186773e+000
  4.7600000e+002  4.7123041e+000
  4.7700000e+002  4.7057945e+000
  4.7800000e+002  4.6991832e+000
  4.7900000e+002  4.6925076e+000
  4.8000000e+002  4.6858074e+000
  4.8100000e+002  4.6791241e+000
  4.8200000e+002  4.6725011e+000
  4.8300000e+002  4.6659828e+000
  4.8400000e+002  4.6596145e+000
  4.8500000e+002  4.6534417e+000
  4.8600000e+002  4.6475098e+000
  4.8700000e+002  4.6418634e+000
  4.8800000e+002  4.6365460e+000
  4.8900000e+002  4.6315996e+000
  4.9000000e+002  4.6270638e+000
  4.9100000e+002  4.6229757e+000
  4.9200000e+002  4.6193693e+000
  4.9300000e+002  4.6162752e+000
  4.9400000e+002  4.6137200e+000
  4.9500000e+002  4.6117262e+000
  4.9600000e+002  4.6103118e+000
  4.9700000e+002  4.6094900e+000
  4.9800000e+002  4.6092693e+000
  4.9900000e+002  4.6096531e+000
  5.0000000e+002  4.6106396e+000
  5.0100000e+002  4.6122224e+000
  5.0200000e+002  4.6143899e+000
  5.0300000e+002  4.6171255e+000
  5.0400000e+002  4.6204085e+000
  5.0500000e+002  4.6242134e+000
  5.0600000e+002  4.6285109e+000
  5.0700000e+002  4.6332681e+000
  5.0800000e+002  4.6384486e+000
  5.0900000e+002  4.6440134e+000
  5.1000000e+002  4.6499209e+000
  5.1100000e+002  4.6561278e+000
  5.1200000e+002  4.6625892e+000
  5.1300000e+002  4.6692593e+000
  5.1400000e+002  4.6760922e+000
  5.1500000e+002  4.6830417e+000
  5.1600000e+002  4.6900623e+000
  5.1700000e+002  4.6971096e+000
  5.1800000e+002  4.7041404e+000
  5.1900000e+002  4.7111135e+000
  5.2000000e+002  4.7179897e+000
  5.2100000e+002  4.7247325e+000
  5.2200000e+002  4.7313078e+000
  5.2300000e+002  4.7376847e+000
  5.2400000e+002  4.7438354e+000
  5.2500000e+002  4.7497351e+000
  5.2600000e+002  4.7553625e+000
  5.2700000e+002  4.7606996e+000
  5.2800000e+002  4.7657317e+000
  5.2900000e+002  4.7704472e+000
  5.3000000e+002  4.7748378e+000
  5.3100000e+002  4.7788980e+000
  5.3200000e+002  4.7826254e+000
  5.3300000e+002  4.7860200e+000
  5.3400000e+002  4.7890844e+000
  5.3500000e+002  4.7918232e+000
  5.3600000e+002  4.7942432e+000
  5.3700000e+002  4.7963526e+000
  5.3800000e+002  4.7981613e+000
  5.3900000e+002  4.7996804e+000
  5.4000000e+002  4.8009220e+000
  5.4100000e+002  4.8018987e+000
  5.4200000e+002  4.8026240e+000
  5.4300000e+002  4.8031116e+000
  5.4400000e+002  4.8033754e+000
  5.4500000e+002  4.8034293e+000
  5.4600000e+002  4.8032872e+000
  5.4700000e+002  4.8029626e+000
  5.4800000e+002  4.8024688e+000
  5.4900000e+002  4.8018189e+000
  5.5000000e+002  4.8010253e+000
  5.5100000e+002  4.8001001e+000
  5.5200000e+002  4.7990551e+000
  5.5300000e+002  4.7979014e+000
  5.5400000e+002  4.7966498e+000
  5.5500000e+002  4.7953108e+000
  5.5600000e+002  4.7938944e+000
  5.5700000e+002  4.7924105e+000
  5.5800000e+002  4.7908684e+000
  5.5900000e+002  4.7892775e+000
  5.6000000e+002  4.7876470e+000
  5.6100000e+002  4.7859859e+000
  5.6200000e+002  4.7843031e+000
  5.6300000e+002  4.7826076e+000
  5.6400000e+002  4.7809083e+000
  5.6500000e+002  4.7792138e+000
  5.6600000e+002  4.7775332e+000
  5.6700000e+002  4.7758751e+000
  5.6800000e+002  4.7742482e+000
  5.6900000e+002  4.7726613e+000
  5.7000000e+002  4.7711226e+000
  5.7100000e+002  4.7696406e+000
  5.7200000e+002  4.7682233e+000
  5.7300000e+002  4.7668782e+000
  5.7400000e+002  4.7656128e+000
  5.7500000e+002  4.7644337e+000
  5.7600000e+002  4.7633473e+000
  5.7700000e+002  4.7623592e+000
  5.7800000e+002  4.7614744e+000
  5.7900000e+002  4.7606971e+000
  5.8000000e+002  4.7600306e+000
  5.8100000e+002  4.7594776e+000
  5.8200000e+002  4.7590396e+000
  5.8300000e+002  4.7587174e+000
  5.8400000e+002  4.7585110e+000
  5.8500000e+002  4.7584191e+000
  5.8600000e+002  4.7584399e+000
  5.8700000e+002  4.7585706e+000
  5.8800000e+002  4.7588076e+000
  5.8900000e+002  4.7591464e+000
  5.9000000e+002  4.7595819e+000
  5.9100000e+002  4.7601086e+000
  5.9200000e+002  4.7607203e+000
  5.9300000e+002  4.7614103e+000
  5.9400000e+002  4.7621717e+000
  5.9500000e+002  4.7629973e+000
  5.9600000e+002  4.7638799e+000
  5.9700000e+002  4.7648122e+000
  5.9800000e+002  4.7657869e+000
  5.9900000e+002  4.7667971e+000
  6.0000000e+002  4.7678360e+000
  6.0100000e+002  4.7688972e+000
  6.0200000e+002  4.7699747e+000
  6.0300000e+002  4.7710631e+000
  6.0400000e+002  4.7721573e+000
  6.0500000e+002  4.7732531e+000
  6.0600000e+002  4.7743467e+000
  6.0700000e+002  4.7754349e+000
  6.0800000e+002  4.7765154e+000
  6.0900000e+002  4.7775862e+000
  6.1000000e+002  4.7786462e+000
  6.1100000e+002  4.7796948e+000
  6.1200000e+002  4.7807320e+000
  6.1300000e+002  4.7817582e+000
  6.1400000e+002  4.7827745e+000
  6.1500000e+002  4.7837823e+000
  6.1600000e+002  4.7847835e+000
  6.1700000e+002  4.7857801e+000
  6.1800000e+002  4.7867745e+000
  6.1900000e+002  4.7877694e+000
  6.2000000e+002  4.7887675e+000
  6.2100000e+002  4.7897714e+000
  6.2200000e+002  4.7907840e+000
  6.2300000e+002  4.7918079e+000
  6.2400000e+002  4.7928456e+000
  6.2500000e+002  4.7938994e+000
  6.2600000e+002  4.7949712e+000
  6.2700000e+002  4.7960628e+000
  6.2800000e+002  4.7971753e+000
  6.2900000e+002  4.7983095e+000
  6.3000000e+002  4.7994655e+000
  6.3100000e+002  4.8006429e+000
  6.3200000e+002  4.8018405e+000
  6.3300000e+002  4.8030565e+000
  6.3400000e+002  4.8042882e+000
  6.3500000e+002  4.8055320e+000
  6.3600000e+002  4.8067833e+000
  6.3700000e+002  4.8080367e+000
  6.3800000e+002  4.8092855e+000
  6.3900000e+002  4.8105220e+000
  6.4000000e+002  4.8117373e+000
  6.4100000e+002  4.8129211e+000
  6.4200000e+002  4.8140620e+000
  6.4300000e+002  4.8151472e+000
  6.4400000e+002  4.8161626e+000
  6.4500000e+002  4.8170925e+000
  6.4600000e+002  4.8179201e+000
  6.4700000e+002  4.8186268e+000
  6.4800000e+002  4.8191930e+000
  6.4900000e+002  4.8195975e+000
  6.5000000e+002  4.8198179e+000
  6.5100000e+002  4.8198305e+000
  6.5200000e+002  4.8196105e+000
  6.5300000e+002  4.8191321e+000
  6.5400000e+002  4.8183687e+000
  6.5500000e+002  4.8172929e+000
  6.5600000e+002  4.8158768e+000
  6.5700000e+002  4.8140923e+000
  6.5800000e+002  4.8119115e+000
  6.5900000e+002  4.8093064e+000
  6.6000000e+002  4.8062501e+000
  6.6100000e+002  4.8027163e+000
  6.6200000e+002  4.7986802e+000
  6.6300000e+002  4.7941187e+000
  6.6400000e+002  4.7890109e+000
  6.6500000e+002  4.7833384e+000
  6.6600000e+002  4.7770858e+000
  6.6700000e+002  4.7702412e+000
  6.6800000e+002  4.7627964e+000
  6.6900000e+002  4.7547474e+000
  6.7000000e+002  4.7460951e+000
  6.7100000e+002  4.7368452e+000
  6.7200000e+002  4.7270087e+000
  6.7300000e+002  4.7166023e+000
  6.7400000e+002  4.7056485e+000
  6.7500000e+002  4.6941759e+000
  6.7600000e+002  4.6822192e+000
  6.7700000e+002  4.6698190e+000
  6.7800000e+002  4.6570225e+000
  6.7900000e+002  4.6438823e+000
  6.8000000e+002  4.6304574e+000
  6.8100000e+002  4.6168117e+000
  6.8200000e+002  4.6030146e+000
  6.8300000e+002  4.5891399e+000
  6.8400000e+002  4.5752655e+000
  6.8500000e+002  4.5614729e+000
  6.8600000e+002  4.5478460e+000
  6.8700000e+002  4.5344709e+000
  6.8800000e+002  4.5214347e+000
  6.8900000e+002  4.5088247e+000
  6.9000000e+002  4.4967278e+000
  6.9100000e+002  4.4852290e+000
  6.9200000e+002  4.4744109e+000
  6.9300000e+002  4.4643526e+000
  6.9400000e+002  4.4551291e+000
  6.9500000e+002  4.4468097e+000
  6.9600000e+002  4.4394582e+000
  6.9700000e+002  4.4331312e+000
  6.9800000e+002  4.4278779e+000
  6.9900000e+002  4.4237396e+000
  7.0000000e+002  4.4207487e+000
  7.0100000e+002  4.4189290e+000
  7.0200000e+002  4.4182947e+000
  7.0300000e+002  4.4188506e+000
  7.0400000e+002  4.4205920e+000
  7.0500000e+002  4.4235049e+000
  7.0600000e+002  4.4275659e+000
  7.0700000e+002  4.4327425e+000
  7.0800000e+002  4.4389938e+000
  7.0900000e+002  4.4462706e+000
  7.1000000e+002  4.4545165e+000
  7.1100000e+002  4.4636680e+000
  7.1200000e+002  4.4736558e+000
  7.1300000e+002  4.4844051e+000
  7.1400000e+002  4.4958369e+000
  7.1500000e+002  4.5078688e+000
  7.1600000e+002  4.5204156e+000
  7.1700000e+002  4.5333907e+000
  7.1800000e+002  4.5467068e+000
  7.1900000e+002  4.5602766e+000
  7.2000000e+002  4.5740141e+000
  7.2100000e+002  4.5878351e+000
  7.2200000e+002  4.6016582e+000
  7.2300000e+002  4.6154053e+000
  7.2400000e+002  4.6290024e+000
  7.2500000e+002  4.6423799e+000
  7.2600000e+002  4.6554736e+000
  7.2700000e+002  4.6682247e+000
  7.2800000e+002  4.6805799e+000
  7.2900000e+002  4.6924923e+000
  7.3000000e+002  4.7039209e+000
  7.3100000e+002  4.7148309e+000
  7.3200000e+002  4.7251939e+000
  7.3300000e+002  4.7349873e+000
  7.3400000e+002  4.7441945e+000
  7.3500000e+002  4.7528047e+000
  7.3600000e+002  4.7608123e+000
  7.3700000e+002  4.7682169e+000
  7.3800000e+002  4.7750228e+000
  7.3900000e+002  4.7812385e+000
  7.4000000e+002  4.7868765e+000
  7.4100000e+002  4.7919528e+000
  7.4200000e+002  4.7964864e+000
  7.4300000e+002  4.8004988e+000
  7.4400000e+002  4.8040138e+000
  7.4500000e+002  4.8070568e+000
  7.4600000e+002  4.8096548e+000
  7.4700000e+002  4.8118355e+000
  7.4800000e+002  4.8136272e+000
  7.4900000e+002  4.8150588e+000
  7.5000000e+002  4.8161587e+000
  7.5100000e+002  4.8169552e+000
  7.5200000e+002  4.8174762e+000
  7.5300000e+002  4.8177486e+000
  7.5400000e+002  4.8177983e+000
  7.5500000e+002  4.8176501e+000
  7.5600000e+002  4.8173277e+000
  7.5700000e+002  4.8168533e+000
  7.5800000e+002  4.8162476e+000
  7.5900000e+002  4.8155298e+000
  7.6000000e+002  4.8147176e+000
  7.6100000e+002  4.8138272e+000
  7.6200000e+002  4.8128731e+000
  7.6300000e+002  4.8118685e+000
  7.6400000e+002  4.8108247e+000
  7.6500000e+002  4.8097518e+000
  7.6600000e+002  4.8086586e+000
  7.6700000e+002  4.8075523e+000
  7.6800000e+002  4.8064389e+000
  7.6900000e+002  4.8053233e+000
  7.7000000e+002  4.8042094e+000
  7.7100000e+002  4.8030997e+000
  7.7200000e+002  4.8019963e+000
  7.7300000e+002  4.8009002e+000
  7.7400000e+002  4.7998117e+000
  7.7500000e+002  4.7987306e+000
  7.7600000e+002  4.7976562e+000
  7.7700000e+002  4.7965873e+000
  7.7800000e+002  4.7955227e+000
  7.7900000e+002  4.7944606e+000
  7.8000000e+002  4.7933995e+000
  7.8100000e+002  4.7923377e+000
  7.8200000e+002  4.7912736e+000
  7.8300000e+002  4.7902059e+000
  7.8400000e+002  4.7891335e+000
  7.8500000e+002  4.7880556e+000
  7.8600000e+002  4.7869719e+000
  7.8700000e+002  4.7858822e+000
  7.8800000e+002  4.7847873e+000
  7.8900000e+002  4.7836882e+000
  7.9000000e+002  4.7825865e+000
  7.9100000e+002  4.7814843e+000
  7.9200000e+002  4.7803844e+000
  7.9300000e+002  4.7792901e+000
  7.9400000e+002  4.7782051e+000
  7.9500000e+002  4.7771338e+000
  7.9600000e+002  4.7760810e+000
  7.9700000e+002  4.7750517e+000
  7.9800000e+002  4.7740517e+000
  7.9900000e+002  4.7730865e+000
  8.0000000e+002  4.7721623e+000
  8.0100000e+002  4.7712852e+000
  8.0200000e+002  4.7704613e+000
  8.0300000e+002  4.7696968e+000
  8.0400000e+002  4.7689978e+000
  8.0500000e+002  4.7683699e+000
  8.0600000e+002  4.7678186e+000
  8.0700000e+002  4.7673491e+000
  8.0800000e+002  4.7669658e+000
  8.0900000e+002  4.7666728e+000
  8.1000000e+002  4.7664735e+000
  8.1100000e+002  4.7663705e+000
  8.1200000e+002  4.7663657e+000
  8.1300000e+002  4.7664604e+000
  8.1400000e+002  4.7666546e+000
  8.1500000e+002  4.7669479e+000
  8.1600000e+002  4.7673386e+000
  8.1700000e+002  4.7678242e+000
  8.1800000e+002  4.7684015e+000
  8.1900000e+002  4.7690660e+000
  8.2000000e+002  4.7698125e+000
  8.2100000e+002  4.7706349e+000
  8.2200000e+002  4.7715262e+000
  8.2300000e+002  4.7724784e+000
  8.2400000e+002  4.7734829e+000
  8.2500000e+002  4.7745302e+000
  8.2600000e+002  4.7756101e+000
  8.2700000e+002  4.7767118e+000
  8.2800000e+002  4.7778236e+000
  8.2900000e+002  4.7789334e+000
  8.3000000e+002  4.7800286e+000
  8.3100000e+002  4.7810960e+000
  8.3200000e+002  4.7821220e+000
  8.3300000e+002  4.7830927e+000
  8.3400000e+002  4.7839937e+000
  8.3500000e+002  4.7848106e+000
  8.3600000e+002  4.7855287e+000
  8.3700000e+002  4.7861333e+000
  8.3800000e+002  4.7866096e+000
  8.3900000e+002  4.7869430e+000
  8.4000000e+002  4.7871189e+000
  8.4100000e+002  4.7871233e+000
  8.4200000e+002  4.7869424e+000
  8.4300000e+002  4.7865629e+000
  8.4400000e+002  4.7859724e+000
  8.4500000e+002  4.7851591e+000
  8.4600000e+002  4.7841123e+000
  8.4700000e+002  4.7828224e+000
  8.4800000e+002  4.7812810e+000
  8.4900000e+002  4.7794813e+000
  8.5000000e+002  4.7774181e+000
  8.5100000e+002  4.7750877e+000
  8.5200000e+002  4.7724887e+000
  8.5300000e+002  4.7696215e+000
  8.5400000e+002  4.7664889e+000
  8.5500000e+002  4.7630960e+000
  8.5600000e+002  4.7594502e+000
  8.5700000e+002  4.7555616e+000
  8.5800000e+002  4.7514427e+000
  8.5900000e+002  4.7471087e+000
  8.6000000e+002  4.7425774e+000
  8.6100000e+002  4.7378692e+000
  8.6200000e+002  4.7330068e+000
  8.6300000e+002  4.7280154e+000
  8.6400000e+002  4.7229225e+000
  8.6500000e+002  4.7177576e+000
  8.6600000e+002  4.7125519e+000
  8.6700000e+002  4.7073385e+000
  8.6800000e+002  4.7021514e+000
  8.6900000e+002  4.6970259e+000
  8.7000000e+002  4.6919978e+000
  8.7100000e+002  4.6871033e+000
  8.7200000e+002  4.6823784e+000
  8.7300000e+002  4.6778587e+000
  8.7400000e+002  4.6735789e+000
  8.7500000e+002  4.6695725e+000
  8.7600000e+002  4.6658712e+000
  8.7700000e+002  4.6625050e+000
  8.7800000e+002  4.6595013e+000
  8.7900000e+002  4.6568848e+000
  8.8000000e+002  4.6546773e+000
  8.8100000e+002  4.6528973e+000
  8.8200000e+002  4.6515597e+000
  8.8300000e+002  4.6506759e+000
  8.8400000e+002  4.6502534e+000
  8.8500000e+002  4.6502958e+000
  8.8600000e+002  4.6508026e+000
  8.8700000e+002  4.6517697e+000
  8.8800000e+002  4.6531888e+000
  8.8900000e+002  4.6550479e+000
  8.9000000e+002  4.6573317e+000
  8.9100000e+002  4.6600210e+000
  8.9200000e+002  4.6630937e+000
  8.9300000e+002  4.6665249e+000
  8.9400000e+002  4.6702870e+000
  8.9500000e+002  4.6743502e+000
  8.9600000e+002  4.6786827e+000
  8.9700000e+002  4.6832515e+000
  8.9800000e+002  4.6880224e+000
  8.9900000e+002  4.6929603e+000
  9.0000000e+002  4.6980299e+000
  9.0100000e+002  4.7031962e+000
  9.0200000e+002  4.7084242e+000
  9.0300000e+002  4.7136800e+000
  9.0400000e+002  4.7189306e+000
  9.0500000e+002  4.7241445e+000
  9.0600000e+002  4.7292919e+000
  9.0700000e+002  4.7343446e+000
  9.0800000e+002  4.7392768e+000
  9.0900000e+002  4.7440647e+000
  9.1000000e+002  4.7486868e+000
  9.1100000e+002  4.7531242e+000
  9.1200000e+002  4.7573602e+000
  9.1300000e+002  4.7613806e+000
  9.1400000e+002  4.7651738e+000
  9.1500000e+002  4.7687301e+000
  9.1600000e+002  4.7720424e+000
  9.1700000e+002  4.7751057e+000
  9.1800000e+002  4.7779167e+000
  9.1900000e+002  4.7804741e+000
  9.2000000e+002  4.7827783e+000
  9.2100000e+002  4.7848310e+000
  9.2200000e+002  4.7866355e+000
  9.2300000e+002  4.7881958e+000
  9.2400000e+002  4.7895172e+000
  9.2500000e+002  4.7906055e+000
  9.2600000e+002  4.7914674e+000
  9.2700000e+002  4.7921097e+000
  9.2800000e+002  4.7925398e+000
  9.2900000e+002  4.7927653e+000
  9.3000000e+002  4.7927938e+000
  9.3100000e+002  4.7926331e+000
  9.3200000e+002  4.7922910e+000
  9.3300000e+002  4.7917751e+000
  9.3400000e+002  4.7910930e+000
  9.3500000e+002  4.7902525e+000
  9.3600000e+002  4.7892610e+000
  9.3700000e+002  4.7881261e+000
  9.3800000e+002  4.7868554e+000
  9.3900000e+002  4.7854566e+000
  9.4000000e+002  4.7839375e+000
  9.4100000e+002  4.7823061e+000
  9.4200000e+002  4.7805707e+000
  9.4300000e+002  4.7787400e+000
  9.4400000e+002  4.7768230e+000
  9.4500000e+002  4.7748292e+000
  9.4600000e+002  4.7727684e+000
  9.4700000e+002  4.7706511e+000
  9.4800000e+002  4.7684882e+000
  9.4900000e+002  4.7662913e+000
  9.5000000e+002  4.7640724e+000
  9.5100000e+002  4.7618438e+000
  9.5200000e+002  4.7596184e+000
  9.5300000e+002  4.7574095e+000
  9.5400000e+002  4.7552306e+000
  9.5500000e+002  4.7530953e+000
  9.5600000e+002  4.7510173e+000
  9.5700000e+002  4.7490104e+000
  9.5800000e+002  4.7470878e+000
  9.5900000e+002  4.7452628e+000
  9.6000000e+002  4.7435479e+000
  9.6100000e+002  4.7419551e+000
  9.6200000e+002  4.7404953e+000
  9.6300000e+002  4.7391790e+000
  9.6400000e+002  4.7380150e+000
  9.6500000e+002  4.7370113e+000
  9.6600000e+002  4.7361744e+000
  9.6700000e+002  4.7355094e+000
  9.6800000e+002  4.7350198e+000
  9.6900000e+002  4.7347075e+000
  9.7000000e+002  4.7345729e+000
  9.7100000e+002  4.7346146e+000
  9.7200000e+002  4.7348295e+000
  9.7300000e+002  4.7352131e+000
  9.7400000e+002  4.7357590e+000
  9.7500000e+002  4.7364594e+000
  9.7600000e+002  4.7373052e+000
  9.7700000e+002  4.7382859e+000
  9.7800000e+002  4.7393897e+000
  9.7900000e+002  4.7406041e+000
  9.8000000e+002  4.7419153e+000
  9.8100000e+002  4.7433091e+000
  9.8200000e+002  4.7447709e+000
  9.8300000e+002  4.7462856e+000
  9.8400000e+002  4.7478380e+000
  9.8500000e+002  4.7494131e+000
  9.8600000e+002  4.7509962e+000
  9.8700000e+002  4.7525730e+000
  9.8800000e+002  4.7541299e+000
  9.8900000e+002  4.7556540e+000
  9.9000000e+002  4.7571337e+000
  9.9100000e+002  4.7585581e+000
  9.9200000e+002  4.7599177e+000
  9.9300000e+002  4.7612045e+000
  9.9400000e+002  4.7624117e+000
  9.9500000e+002  4.7635339e+000
  9.9600000e+002  4.7645673e+000
  9.9700000e+002  4.7655096e+000
  9.9800000e+002  4.7663598e+000
  9.9900000e+002  4.7671184e+000
  1.0000000e+003  4.7677874e+000
  1.0010000e+003  4.7683699e+000
  1.0020000e+003  4.7688702e+000
  1.0030000e+003  4.7692937e+000
  1.0040000e+003  4.7696468e+000
  1.0050000e+003  4.7699366e+000
  1.0060000e+003  4.7701709e+000
  1.0070000e+003  4.7703580e+000
  1.0080000e+003  4.7705066e+000
  1.0090000e+003  4.7706254e+000
  1.0100000e+003  4.7707233e+000
  1.0110000e+003  4.7708091e+000
  1.0120000e+003  4.7708913e+000
  1.0130000e+003  4.7709780e+000
  1.0140000e+003  4.7710767e+000
  1.0150000e+003  4.7711946e+000
  1.0160000e+003  4.7713379e+000
  1.0170000e+003  4.7715122e+000
  1.0180000e+003  4.7717222e+000
  1.0190000e+003  4.7719718e+000
  1.0200000e+003  4.7722639e+000
  1.0210000e+003  4.7726006e+000
  1.0220000e+003  4.7729830e+000
  1.0230000e+003  4.7734116e+000
  1.0240000e+003  4.7738858e+000
  1.0250000e+003  4.7744042e+000
  1.0260000e+003  4.7749649e+000
  1.0270000e+003  4.7755653e+000
  1.0280000e+003  4.7762020e+000
  1.0290000e+003  4.7768714e+000
  1.0300000e+003  4.7775693e+000
  1.0310000e+003  4.7782914e+000
  1.0320000e+003  4.7790329e+000
  1.0330000e+003  4.7797892e+000
  1.0340000e+003  4.7805552e+000
  1.0350000e+003  4.7813263e+000
  1.0360000e+003  4.7820977e+000
  1.0370000e+003  4.7828649e+000
  1.0380000e+003  4.7836236e+000
  1.0390000e+003  4.7843698e+000
  1.0400000e+003  4.7850998e+000
  1.0410000e+003  4.7858102e+000
  1.0420000e+003  4.7864983e+000
  1.0430000e+003  4.7871614e+000
  1.0440000e+003  4.7877974e+000
  1.0450000e+003  4.7884048e+000
  1.0460000e+003  4.7889823e+000
  1.0470000e+003  4.7895290e+000
  1.0480000e+003  4.7900446e+000
  1.0490000e+003  4.7905290e+000
  1.0500000e+003  4.7909825e+000
  1.0510000e+003  4.7914057e+000
  1.0520000e+003  4.7917996e+000
  1.0530000e+003  4.7921652e+000
  1.0540000e+003  4.7925041e+000
  1.0550000e+003  4.7928177e+000
  1.0560000e+003  4.7931079e+000
  1.0570000e+003  4.7933764e+000
  1.0580000e+003  4.7936254e+000
  1.0590000e+003  4.7938567e+000
  1.0600000e+003  4.7940725e+000
  1.0610000e+003  4.7942749e+000
  1.0620000e+003  4.7944660e+000
  1.0630000e+003  4.7946478e+000
  1.0640000e+003  4.7948225e+000
  1.0650000e+003  4.7949920e+000
  1.0660000e+003  4.7951582e+000
  1.0670000e+003  4.7953232e+000
  1.0680000e+003  4.7954886e+000
  1.0690000e+003  4.7956562e+000
  1.0700000e+003  4.7958279e+000
  1.0710000e+003  4.7960050e+000
  1.0720000e+003  4.7961893e+000
  1.0730000e+003  4.7963823e+000
  1.0740000e+003  4.7965853e+000
  1.0750000e+003  4.7967998e+000
  1.0760000e+003  4.7970272e+000
  1.0770000e+003  4.7972687e+000
  1.0780000e+003  4.7975256e+000
  1.0790000e+003  4.7977992e+000
  1.0800000e+003  4.7980908e+000
  1.0810000e+003  4.7984015e+000
  1.0820000e+003  4.7987326e+000
  1.0830000e+003  4.7990854e+000
  1.0840000e+003  4.7994610e+000
  1.0850000e+003  4.7998607e+000
  1.0860000e+003  4.8002857e+000
  1.0870000e+003  4.8007373e+000
  1.0880000e+003  4.8012168e+000
  1.0890000e+003  4.8017253e+000
  1.0900000e+003  4.8022643e+000
  1.0910000e+003  4.8028350e+000
  1.0920000e+003  4.8034387e+000
  1.0930000e+003  4.8040767e+000
  1.0940000e+003  4.8047505e+000
  1.0950000e+003  4.8054612e+000
  1.0960000e+003  4.8062103e+000
  1.0970000e+003  4.8069991e+000
  1.0980000e+003  4.8078288e+000
  1.0990000e+003  4.8087009e+000
  1.1000000e+003  4.8096166e+000
  1.1010000e+003  4.8105771e+000
  1.1020000e+003  4.8115837e+000
  1.1030000e+003  4.8126376e+000
  1.1040000e+003  4.8137401e+000
  1.1050000e+003  4.8148921e+000
  1.1060000e+003  4.8160949e+000
  1.1070000e+003  4.8173495e+000
  1.1080000e+003  4.8186568e+000
  1.1090000e+003  4.8200177e+000
  1.1100000e+003  4.8214330e+000
  1.1110000e+003  4.8229034e+000
  1.1120000e+003  4.8244295e+000
  1.1130000e+003  4.8260117e+000
  1.1140000e+003  4.8276503e+000
  1.1150000e+003  4.8293454e+000
  1.1160000e+003  4.8310968e+000
  1.1170000e+003  4.8329041e+000
  1.1180000e+003  4.8347666e+000
  1.1190000e+003  4.8366831e+000
  1.1200000e+003  4.8386523e+000
  1.1210000e+003  4.8406721e+000
  1.1220000e+003  4.8427400e+000
  1.1230000e+003  4.8448529e+000
  1.1240000e+003  4.8470071e+000
  1.1250000e+003  4.8491979e+000
  1.1260000e+003  4.8514199e+000
  1.1270000e+003  4.8536666e+000
  1.1280000e+003  4.8559305e+000
  1.1290000e+003  4.8582031e+000
  1.1300000e+003  4.8604741e+000
  1.1310000e+003  4.8627323e+000
  1.1320000e+003  4.8649646e+000
  1.1330000e+003  4.8671564e+000
  1.1340000e+003  4.8692911e+000
  1.1350000e+003  4.8713503e+000
  1.1360000e+003  4.8733136e+000
  1.1370000e+003  4.8751582e+000
  1.1380000e+003  4.8768590e+000
  1.1390000e+003  4.8783885e+000
  1.1400000e+003  4.8797168e+000
  1.1410000e+003  4.8808110e+000
  1.1420000e+003  4.8816358e+000
  1.1430000e+003  4.8821529e+000
  1.1440000e+003  4.8823213e+000
  1.1450000e+003  4.8820972e+000
  1.1460000e+003  4.8814338e+000
  1.1470000e+003  4.8802817e+000
  1.1480000e+003  4.8785888e+000
  1.1490000e+003  4.8763005e+000
  1.1500000e+003  4.8733599e+000
  1.1510000e+003  4.8697081e+000
  1.1520000e+003  4.8652843e+000
  1.1530000e+003  4.8600265e+000
  1.1540000e+003  4.8538718e+000
  1.1550000e+003  4.8467568e+000
  1.1560000e+003  4.8386183e+000
  1.1570000e+003  4.8293940e+000
  1.1580000e+003  4.8190231e+000
  1.1590000e+003  4.8074475e+000
  1.1600000e+003  4.7946120e+000
  1.1610000e+003  4.7804658e+000
  1.1620000e+003  4.7649631e+000
  1.1630000e+003  4.7480646e+000
  1.1640000e+003  4.7297379e+000
  1.1650000e+003  4.7099591e+000
  1.1660000e+003  4.6887136e+000
  1.1670000e+003  4.6659971e+000
  1.1680000e+003  4.6418168e+000
  1.1690000e+003  4.6161921e+000
  1.1700000e+003  4.5891554e+000
  1.1710000e+003  4.5607531e+000
  1.1720000e+003  4.5310459e+000
  1.1730000e+003  4.5001095e+000
  1.1740000e+003  4.4680344e+000
  1.1750000e+003  4.4349266e+000
  1.1760000e+003  4.4009070e+000
  1.1770000e+003  4.3661110e+000
  1.1780000e+003  4.3306884e+000
  1.1790000e+003  4.2948021e+000
  1.1800000e+003  4.2586273e+000
  1.1810000e+003  4.2223502e+000
  1.1820000e+003  4.1861668e+000
  1.1830000e+003  4.1502806e+000
  1.1840000e+003  4.1149016e+000
  1.1850000e+003  4.0802439e+000
  1.1860000e+003  4.0465235e+000
  1.1870000e+003  4.0139567e+000
  1.1880000e+003  3.9827571e+000
  1.1890000e+003  3.9531343e+000
  1.1900000e+003  3.9252907e+000
  1.1910000e+003  3.8994201e+000
  1.1920000e+003  3.8757052e+000
  1.1930000e+003  3.8543156e+000
  1.1940000e+003  3.8354060e+000
  1.1950000e+003  3.8191145e+000
  1.1960000e+003  3.8055612e+000
  1.1970000e+003  3.7948463e+000
  1.1980000e+003  3.7870498e+000
  1.1990000e+003  3.7822299e+000
  1.2000000e+003  3.7804227e+000
  1.2010000e+003  3.7816418e+000
  1.2020000e+003  3.7858780e+000
  1.2030000e+003  3.7930996e+000
  1.2040000e+003  3.8032527e+000
  1.2050000e+003  3.8162614e+000
  1.2060000e+003  3.8320295e+000
  1.2070000e+003  3.8504408e+000
  1.2080000e+003  3.8713608e+000
  1.2090000e+003  3.8946381e+000
  1.2100000e+003  3.9201060e+000
  1.2110000e+003  3.9475845e+000
  1.2120000e+003  3.9768819e+000
  1.2130000e+003  4.0077977e+000
  1.2140000e+003  4.0401236e+000
  1.2150000e+003  4.0736467e+000
  1.2160000e+003  4.1081511e+000
  1.2170000e+003  4.1434206e+000
  1.2180000e+003  4.1792404e+000
  1.2190000e+003  4.2153994e+000
  1.2200000e+003  4.2516921e+000
  1.2210000e+003  4.2879207e+000
  1.2220000e+003  4.3238964e+000
  1.2230000e+003  4.3594410e+000
  1.2240000e+003  4.3943884e+000
  1.2250000e+003  4.4285857e+000
  1.2260000e+003  4.4618937e+000
  1.2270000e+003  4.4941879e+000
  1.2280000e+003  4.5253588e+000
  1.2290000e+003  4.5553123e+000
  1.2300000e+003  4.5839692e+000
  1.2310000e+003  4.6112657e+000
  1.2320000e+003  4.6371524e+000
  1.2330000e+003  4.6615942e+000
  1.2340000e+003  4.6845693e+000
  1.2350000e+003  4.7060687e+000
  1.2360000e+003  4.7260951e+000
  1.2370000e+003  4.7446619e+000
  1.2380000e+003  4.7617923e+000
  1.2390000e+003  4.7775181e+000
  1.2400000e+003  4.7918789e+000
  1.2410000e+003  4.8049207e+000
  1.2420000e+003  4.8166949e+000
  1.2430000e+003  4.8272575e+000
  1.2440000e+003  4.8366680e+000
  1.2450000e+003  4.8449883e+000
  1.2460000e+003  4.8522822e+000
  1.2470000e+003  4.8586144e+000
  1.2480000e+003  4.8640498e+000
  1.2490000e+003  4.8686530e+000
  1.2500000e+003  4.8724875e+000
  1.2510000e+003  4.8756154e+000
  1.2520000e+003  4.8780971e+000
  1.2530000e+003  4.8799904e+000
  1.2540000e+003  4.8813511e+000
  1.2550000e+003  4.8822319e+000
  1.2560000e+003  4.8826828e+000
  1.2570000e+003  4.8827508e+000
  1.2580000e+003  4.8824797e+000
  1.2590000e+003  4.8819105e+000
  1.2600000e+003  4.8810809e+000
  1.2610000e+003  4.8800256e+000
  1.2620000e+003  4.8787764e+000
  1.2630000e+003  4.8773622e+000
  1.2640000e+003  4.8758091e+000
  1.2650000e+003  4.8741406e+000
  1.2660000e+003  4.8723776e+000
  1.2670000e+003  4.8705390e+000
  1.2680000e+003  4.8686411e+000
  1.2690000e+003  4.8666984e+000
  1.2700000e+003  4.8647234e+000
  1.2710000e+003  4.8627271e+000
  1.2720000e+003  4.8607186e+000
  1.2730000e+003  4.8587060e+000
  1.2740000e+003  4.8566958e+000
  1.2750000e+003  4.8546937e+000
  1.2760000e+003  4.8527042e+000
  1.2770000e+003  4.8507311e+000
  1.2780000e+003  4.8487775e+000
  1.2790000e+003  4.8468459e+000
  1.2800000e+003  4.8449382e+000
  1.2810000e+003  4.8430561e+000
  1.2820000e+003  4.8412007e+000
  1.2830000e+003  4.8393732e+000
  1.2840000e+003  4.8375743e+000
  1.2850000e+003  4.8358049e+000
  1.2860000e+003  4.8340656e+000
  1.2870000e+003  4.8323569e+000
  1.2880000e+003  4.8306796e+000
  1.2890000e+003  4.8290342e+000
  1.2900000e+003  4.8274214e+000
  1.2910000e+003  4.8258418e+000
  1.2920000e+003  4.8242961e+000
  1.2930000e+003  4.8227849e+000
  1.2940000e+003  4.8213091e+000
  1.2950000e+003  4.8198692e+000
  1.2960000e+003  4.8184658e+000
  1.2970000e+003  4.8170997e+000
  1.2980000e+003  4.8157713e+000
  1.2990000e+003  4.8144811e+000
  1.3000000e+003  4.8132295e+000
  1.3010000e+003  4.8120166e+000
  1.3020000e+003  4.8108426e+000
  1.3030000e+003  4.8097073e+000
  1.3040000e+003  4.8086106e+000
  1.3050000e+003  4.8075521e+000
  1.3060000e+003  4.8065312e+000
  1.3070000e+003  4.8055472e+000
  1.3080000e+003  4.8045991e+000
  1.3090000e+003  4.8036859e+000
  1.3100000e+003  4.8028063e+000
  1.3110000e+003  4.8019590e+000
  1.3120000e+003  4.8011425e+000
  1.3130000e+003  4.8003552e+000
  1.3140000e+003  4.7995952e+000
  1.3150000e+003  4.7988610e+000
  1.3160000e+003  4.7981506e+000
  1.3170000e+003  4.7974622e+000
  1.3180000e+003  4.7967940e+000
  1.3190000e+003  4.7961440e+000
  1.3200000e+003  4.7955106e+000
  1.3210000e+003  4.7948918e+000
  1.3220000e+003  4.7942862e+000
  1.3230000e+003  4.7936920e+000
  1.3240000e+003  4.7931079e+000
  1.3250000e+003  4.7925324e+000
  1.3260000e+003  4.7919644e+000
  1.3270000e+003  4.7914027e+000
  1.3280000e+003  4.7908463e+000
  1.3290000e+003  4.7902945e+000
  1.3300000e+003  4.7897465e+000
  1.3310000e+003  4.7892019e+000
  1.3320000e+003  4.7886602e+000
  1.3330000e+003  4.7881211e+000
  1.3340000e+003  4.7875844e+000
  1.3350000e+003  4.7870502e+000
  1.3360000e+003  4.7865185e+000
  1.3370000e+003  4.7859894e+000
  1.3380000e+003  4.7854632e+000
  1.3390000e+003  4.7849403e+000
  1.3400000e+003  4.7844210e+000
  1.3410000e+003  4.7839057e+000
  1.3420000e+003  4.7833950e+000
  1.3430000e+003  4.7828895e+000
  1.3440000e+003  4.7823896e+000
  1.3450000e+003  4.7818960e+000
  1.3460000e+003  4.7814091e+000
  1.3470000e+003  4.7809297e+000
  1.3480000e+003  4.7804582e+000
  1.3490000e+003  4.7799950e+000
  1.3500000e+003  4.7795407e+000
  1.3510000e+003  4.7790955e+000
  1.3520000e+003  4.7786598e+000
  1.3530000e+003  4.7782335e+000
  1.3540000e+003  4.7778168e+000
  1.3550000e+003  4.7774095e+000
  1.3560000e+003  4.7770113e+000
  1.3570000e+003  4.7766216e+000
  1.3580000e+003  4.7762397e+000
  1.3590000e+003  4.7758648e+000
  1.3600000e+003  4.7754956e+000
  1.3610000e+003  4.7751308e+000
  1.3620000e+003  4.7747687e+000
  1.3630000e+003  4.7744076e+000
  1.3640000e+003  4.7740454e+000
  1.3650000e+003  4.7736798e+000
  1.3660000e+003  4.7733085e+000
  1.3670000e+003  4.7729287e+000
  1.3680000e+003  4.7725380e+000
  1.3690000e+003  4.7721335e+000
  1.3700000e+003  4.7717125e+000
  1.3710000e+003  4.7712724e+000
  1.3720000e+003  4.7708105e+000
  1.3730000e+003  4.7703244e+000
  1.3740000e+003  4.7698121e+000
  1.3750000e+003  4.7692717e+000
  1.3760000e+003  4.7687018e+000
  1.3770000e+003  4.7681015e+000
  1.3780000e+003  4.7674702e+000
  1.3790000e+003  4.7668084e+000
  1.3800000e+003  4.7661167e+000
  1.3810000e+003  4.7653968e+000
  1.3820000e+003  4.7646510e+000
  1.3830000e+003  4.7638824e+000
  1.3840000e+003  4.7630948e+000
  1.3850000e+003  4.7622929e+000
  1.3860000e+003  4.7614822e+000
  1.3870000e+003  4.7606688e+000
  1.3880000e+003  4.7598594e+000
  1.3890000e+003  4.7590617e+000
  1.3900000e+003  4.7582836e+000
  1.3910000e+003  4.7575336e+000
  1.3920000e+003  4.7568204e+000
  1.3930000e+003  4.7561530e+000
  1.3940000e+003  4.7555406e+000
  1.3950000e+003  4.7549922e+000
  1.3960000e+003  4.7545166e+000
  1.3970000e+003  4.7541223e+000
  1.3980000e+003  4.7538173e+000
  1.3990000e+003  4.7536089e+000
  1.4000000e+003  4.7535038e+000
  1.4010000e+003  4.7535075e+000
  1.4020000e+003  4.7536247e+000
  1.4030000e+003  4.7538589e+000
  1.4040000e+003  4.7542122e+000
  1.4050000e+003  4.7546855e+000
  1.4060000e+003  4.7552782e+000
  1.4070000e+003  4.7559884e+000
  1.4080000e+003  4.7568125e+000
  1.4090000e+003  4.7577457e+000
  1.4100000e+003  4.7587814e+000
  1.4110000e+003  4.7599117e+000
  1.4120000e+003  4.7611274e+000
  1.4130000e+003  4.7624178e+000
  1.4140000e+003  4.7637711e+000
  1.4150000e+003  4.7651741e+000
  1.4160000e+003  4.7666130e+000
  1.4170000e+003  4.7680726e+000
  1.4180000e+003  4.7695374e+000
  1.4190000e+003  4.7709911e+000
  1.4200000e+003  4.7724168e+000
  1.4210000e+003  4.7737975e+000
  1.4220000e+003  4.7751162e+000
  1.4230000e+003  4.7763558e+000
  1.4240000e+003  4.7774994e+000
  1.4250000e+003  4.7785306e+000
  1.4260000e+003  4.7794336e+000
  1.4270000e+003  4.7801933e+000
  1.4280000e+003  4.7807955e+000
  1.4290000e+003  4.7812273e+000
  1.4300000e+003  4.7814767e+000
  1.4310000e+003  4.7815333e+000
  1.4320000e+003  4.7813882e+000
  1.4330000e+003  4.7810340e+000
  1.4340000e+003  4.7804651e+000
  1.4350000e+003  4.7796779e+000
  1.4360000e+003  4.7786705e+000
  1.4370000e+003  4.7774431e+000
  1.4380000e+003  4.7759980e+000
  1.4390000e+003  4.7743394e+000
  1.4400000e+003  4.7724739e+000
  1.4410000e+003  4.7704098e+000
  1.4420000e+003  4.7681578e+000
  1.4430000e+003  4.7657304e+000
  1.4440000e+003  4.7631422e+000
  1.4450000e+003  4.7604095e+000
  1.4460000e+003  4.7575506e+000
  1.4470000e+003  4.7545850e+000
  1.4480000e+003  4.7515340e+000
  1.4490000e+003  4.7484201e+000
  1.4500000e+003  4.7452667e+000
  1.4510000e+003  4.7420982e+000
  1.4520000e+003  4.7389396e+000
  1.4530000e+003  4.7358162e+000
  1.4540000e+003  4.7327535e+000
  1.4550000e+003  4.7297768e+000
  1.4560000e+003  4.7269109e+000
  1.4570000e+003  4.7241800e+000
  1.4580000e+003  4.7216073e+000
  1.4590000e+003  4.7192147e+000
  1.4600000e+003  4.7170228e+000
  1.4610000e+003  4.7150503e+000
  1.4620000e+003  4.7133139e+000
  1.4630000e+003  4.7118283e+000
  1.4640000e+003  4.7106057e+000
  1.4650000e+003  4.7096561e+000
  1.4660000e+003  4.7089866e+000
  1.4670000e+003  4.7086018e+000
  1.4680000e+003  4.7085034e+000
  1.4690000e+003  4.7086907e+000
  1.4700000e+003  4.7091599e+000
  1.4710000e+003  4.7099046e+000
  1.4720000e+003  4.7109160e+000
  1.4730000e+003  4.7121827e+000
  1.4740000e+003  4.7136910e+000
  1.4750000e+003  4.7154250e+000
  1.4760000e+003  4.7173672e+000
  1.4770000e+003  4.7194981e+000
  1.4780000e+003  4.7217969e+000
  1.4790000e+003  4.7242418e+000
  1.4800000e+003  4.7268099e+000
  1.4810000e+003  4.7294780e+000
  1.4820000e+003  4.7322224e+000
  1.4830000e+003  4.7350195e+000
  1.4840000e+003  4.7378461e+000
  1.4850000e+003  4.7406795e+000
  1.4860000e+003  4.7434979e+000
  1.4870000e+003  4.7462806e+000
  1.4880000e+003  4.7490082e+000
  1.4890000e+003  4.7516628e+000
  1.4900000e+003  4.7542283e+000
  1.4910000e+003  4.7566904e+000
  1.4920000e+003  4.7590368e+000
  1.4930000e+003  4.7612570e+000
  1.4940000e+003  4.7633430e+000
  1.4950000e+003  4.7652887e+000
  1.4960000e+003  4.7670900e+000
  1.4970000e+003  4.7687451e+000
  1.4980000e+003  4.7702540e+000
  1.4990000e+003  4.7716189e+000
  1.5000000e+003  4.7728435e+000
  1.5010000e+003  4.7739332e+000
  1.5020000e+003  4.7748951e+000
  1.5030000e+003  4.7757375e+000
  1.5040000e+003  4.7764697e+000
  1.5050000e+003  4.7771021e+000
  1.5060000e+003  4.7776460e+000
  1.5070000e+003  4.7781128e+000
  1.5080000e+003  4.7785148e+000
  1.5090000e+003  4.7788639e+000
  1.5100000e+003  4.7791724e+000
  1.5110000e+003  4.7794520e+000
  1.5120000e+003  4.7797142e+000
  1.5130000e+003  4.7799698e+000
  1.5140000e+003  4.7802289e+000
  1.5150000e+003  4.7805008e+000
  1.5160000e+003  4.7807936e+000
  1.5170000e+003  4.7811144e+000
  1.5180000e+003  4.7814690e+000
  1.5190000e+003  4.7818619e+000
  1.5200000e+003  4.7822963e+000
  1.5210000e+003  4.7827740e+000
  1.5220000e+003  4.7832950e+000
  1.5230000e+003  4.7838583e+000
  1.5240000e+003  4.7844610e+000
  1.5250000e+003  4.7850988e+000
  1.5260000e+003  4.7857660e+000
  1.5270000e+003  4.7864553e+000
  1.5280000e+003  4.7871580e+000
  1.5290000e+003  4.7878638e+000
  1.5300000e+003  4.7885613e+000
  1.5310000e+003  4.7892378e+000
  1.5320000e+003  4.7898790e+000
  1.5330000e+003  4.7904699e+000
  1.5340000e+003  4.7909941e+000
  1.5350000e+003  4.7914344e+000
  1.5360000e+003  4.7917727e+000
  1.5370000e+003  4.7919902e+000
  1.5380000e+003  4.7920673e+000
  1.5390000e+003  4.7919843e+000
  1.5400000e+003  4.7917209e+000
  1.5410000e+003  4.7912567e+000
  1.5420000e+003  4.7905716e+000
  1.5430000e+003  4.7896455e+000
  1.5440000e+003  4.7884588e+000
  1.5450000e+003  4.7869928e+000
  1.5460000e+003  4.7852295e+000
  1.5470000e+003  4.7831522e+000
  1.5480000e+003  4.7807455e+000
  1.5490000e+003  4.7779958e+000
  1.5500000e+003  4.7748914e+000
  1.5510000e+003  4.7714227e+000
  1.5520000e+003  4.7675827e+000
  1.5530000e+003  4.7633669e+000
  1.5540000e+003  4.7587740e+000
  1.5550000e+003  4.7538056e+000
  1.5560000e+003  4.7484667e+000
  1.5570000e+003  4.7427658e+000
  1.5580000e+003  4.7367151e+000
  1.5590000e+003  4.7303307e+000
  1.5600000e+003  4.7236321e+000
  1.5610000e+003  4.7166429e+000
  1.5620000e+003  4.7093907e+000
  1.5630000e+003  4.7019066e+000
  1.5640000e+003  4.6942253e+000
  1.5650000e+003  4.6863852e+000
  1.5660000e+003  4.6784276e+000
  1.5670000e+003  4.6703970e+000
  1.5680000e+003  4.6623404e+000
  1.5690000e+003  4.6543072e+000
  1.5700000e+003  4.6463483e+000
  1.5710000e+003  4.6385164e+000
  1.5720000e+003  4.6308646e+000
  1.5730000e+003  4.6234466e+000
  1.5740000e+003  4.6163158e+000
  1.5750000e+003  4.6095247e+000
  1.5760000e+003  4.6031247e+000
  1.5770000e+003  4.5971649e+000
  1.5780000e+003  4.5916922e+000
  1.5790000e+003  4.5867503e+000
  1.5800000e+003  4.5823792e+000
  1.5810000e+003  4.5786150e+000
  1.5820000e+003  4.5754893e+000
  1.5830000e+003  4.5730288e+000
  1.5840000e+003  4.5712549e+000
  1.5850000e+003  4.5701836e+000
  1.5860000e+003  4.5698250e+000
  1.5870000e+003  4.5701836e+000
  1.5880000e+003  4.5712579e+000
  1.5890000e+003  4.5730405e+000
  1.5900000e+003  4.5755182e+000
  1.5910000e+003  4.5786722e+000
  1.5920000e+003  4.5824784e+000
  1.5930000e+003  4.5869073e+000
  1.5940000e+003  4.5919248e+000
  1.5950000e+003  4.5974926e+000
  1.5960000e+003  4.6035684e+000
  1.5970000e+003  4.6101065e+000
  1.5980000e+003  4.6170584e+000
  1.5990000e+003  4.6243733e+000
  1.6000000e+003  4.6319987e+000
  1.6010000e+003  4.6398810e+000
  1.6020000e+003  4.6479662e+000
  1.6030000e+003  4.6562002e+000
  1.6040000e+003  4.6645294e+000
  1.6050000e+003  4.6729016e+000
  1.6060000e+003  4.6812660e+000
  1.6070000e+003  4.6895739e+000
  1.6080000e+003  4.6977793e+000
  1.6090000e+003  4.7058388e+000
  1.6100000e+003  4.7137123e+000
  1.6110000e+003  4.7213631e+000
  1.6120000e+003  4.7287581e+000
  1.6130000e+003  4.7358681e+000
  1.6140000e+003  4.7426677e+000
  1.6150000e+003  4.7491354e+000
  1.6160000e+003  4.7552537e+000
  1.6170000e+003  4.7610089e+000
  1.6180000e+003  4.7663910e+000
  1.6190000e+003  4.7713938e+000
  1.6200000e+003  4.7760145e+000
  1.6210000e+003  4.7802534e+000
  1.6220000e+003  4.7841140e+000
  1.6230000e+003  4.7876025e+000
  1.6240000e+003  4.7907278e+000
  1.6250000e+003  4.7935007e+000
  1.6260000e+003  4.7959343e+000
  1.6270000e+003  4.7980432e+000
  1.6280000e+003  4.7998435e+000
  1.6290000e+003  4.8013524e+000
  1.6300000e+003  4.8025880e+000
  1.6310000e+003  4.8035690e+000
  1.6320000e+003  4.8043146e+000
  1.6330000e+003  4.8048440e+000
  1.6340000e+003  4.8051763e+000
  1.6350000e+003  4.8053306e+000
  1.6360000e+003  4.8053252e+000
  1.6370000e+003  4.8051781e+000
  1.6380000e+003  4.8049065e+000
  1.6390000e+003  4.8045266e+000
  1.6400000e+003  4.8040536e+000
  1.6410000e+003  4.8035018e+000
  1.6420000e+003  4.8028842e+000
  1.6430000e+003  4.8022124e+000
  1.6440000e+003  4.8014970e+000
  1.6450000e+003  4.8007470e+000
  1.6460000e+003  4.7999701e+000
  1.6470000e+003  4.7991726e+000
  1.6480000e+003  4.7983596e+000
  1.6490000e+003  4.7975345e+000
  1.6500000e+003  4.7966996e+000
  1.6510000e+003  4.7958556e+000
  1.6520000e+003  4.7950024e+000
  1.6530000e+003  4.7941382e+000
  1.6540000e+003  4.7932603e+000
  1.6550000e+003  4.7923652e+000
  1.6560000e+003  4.7914480e+000
  1.6570000e+003  4.7905033e+000
  1.6580000e+003  4.7895250e+000
  1.6590000e+003  4.7885065e+000
  1.6600000e+003  4.7874406e+000
  1.6610000e+003  4.7863202e+000
  1.6620000e+003  4.7851378e+000
  1.6630000e+003  4.7838862e+000
  1.6640000e+003  4.7825585e+000
  1.6650000e+003  4.7811483e+000
  1.6660000e+003  4.7796497e+000
  1.6670000e+003  4.7780577e+000
  1.6680000e+003  4.7763682e+000
  1.6690000e+003  4.7745784e+000
  1.6700000e+003  4.7726866e+000
  1.6710000e+003  4.7706926e+000
  1.6720000e+003  4.7685975e+000
  1.6730000e+003  4.7664042e+000
  1.6740000e+003  4.7641173e+000
  1.6750000e+003  4.7617427e+000
  1.6760000e+003  4.7592884e+000
  1.6770000e+003  4.7567639e+000
  1.6780000e+003  4.7541802e+000
  1.6790000e+003  4.7515500e+000
  1.6800000e+003  4.7488874e+000
  1.6810000e+003  4.7462077e+000
  1.6820000e+003  4.7435275e+000
  1.6830000e+003  4.7408642e+000
  1.6840000e+003  4.7382360e+000
  1.6850000e+003  4.7356617e+000
  1.6860000e+003  4.7331602e+000
  1.6870000e+003  4.7307507e+000
  1.6880000e+003  4.7284518e+000
  1.6890000e+003  4.7262820e+000
  1.6900000e+003  4.7242589e+000
  1.6910000e+003  4.7223990e+000
  1.6920000e+003  4.7207178e+000
  1.6930000e+003  4.7192292e+000
  1.6940000e+003  4.7179455e+000
  1.6950000e+003  4.7168770e+000
  1.6960000e+003  4.7160321e+000
  1.6970000e+003  4.7154173e+000
  1.6980000e+003  4.7150363e+000
  1.6990000e+003  4.7148911e+000
  1.7000000e+003  4.7149810e+000
  1.7010000e+003  4.7153031e+000
  1.7020000e+003  4.7158519e+000
  1.7030000e+003  4.7166202e+000
  1.7040000e+003  4.7175981e+000
  1.7050000e+003  4.7187740e+000
  1.7060000e+003  4.7201343e+000
  1.7070000e+003  4.7216638e+000
  1.7080000e+003  4.7233458e+000
  1.7090000e+003  4.7251623e+000
  1.7100000e+003  4.7270941e+000
  1.7110000e+003  4.7291216e+000
  1.7120000e+003  4.7312243e+000
  1.7130000e+003  4.7333816e+000
  1.7140000e+003  4.7355728e+000
  1.7150000e+003  4.7377777e+000
  1.7160000e+003  4.7399761e+000
  1.7170000e+003  4.7421489e+000
  1.7180000e+003  4.7442777e+000
  1.7190000e+003  4.7463454e+000
  1.7200000e+003  4.7483360e+000
  1.7210000e+003  4.7502352e+000
  1.7220000e+003  4.7520302e+000
  1.7230000e+003  4.7537098e+000
  1.7240000e+003  4.7552648e+000
  1.7250000e+003  4.7566876e+000
  1.7260000e+003  4.7579727e+000
  1.7270000e+003  4.7591164e+000
  1.7280000e+003  4.7601169e+000
  1.7290000e+003  4.7609741e+000
  1.7300000e+003  4.7616900e+000
  1.7310000e+003  4.7622679e+000
  1.7320000e+003  4.7627128e+000
  1.7330000e+003  4.7630312e+000
  1.7340000e+003  4.7632309e+000
  1.7350000e+003  4.7633208e+000
  1.7360000e+003  4.7633108e+000
  1.7370000e+003  4.7632117e+000
  1.7380000e+003  4.7630349e+000
  1.7390000e+003  4.7627922e+000
  1.7400000e+003  4.7624959e+000
  1.7410000e+003  4.7621583e+000
  1.7420000e+003  4.7617918e+000
  1.7430000e+003  4.7614085e+000
  1.7440000e+003  4.7610201e+000
  1.7450000e+003  4.7606381e+000
  1.7460000e+003  4.7602731e+000
  1.7470000e+003  4.7599352e+000
  1.7480000e+003  4.7596337e+000
  1.7490000e+003  4.7593768e+000
  1.7500000e+003  4.7591719e+000
  1.7510000e+003  4.7590256e+000
  1.7520000e+003  4.7589431e+000
  1.7530000e+003  4.7589288e+000
  1.7540000e+003  4.7589861e+000
  1.7550000e+003  4.7591171e+000
  1.7560000e+003  4.7593232e+000
  1.7570000e+003  4.7596046e+000
  1.7580000e+003  4.7599609e+000
  1.7590000e+003  4.7603906e+000
  1.7600000e+003  4.7608916e+000
  1.7610000e+003  4.7614609e+000
  1.7620000e+003  4.7620951e+000
  1.7630000e+003  4.7627902e+000
  1.7640000e+003  4.7635418e+000
  1.7650000e+003  4.7643452e+000
  1.7660000e+003  4.7651954e+000
  1.7670000e+003  4.7660871e+000
  1.7680000e+003  4.7670153e+000
  1.7690000e+003  4.7679745e+000
  1.7700000e+003  4.7689597e+000
  1.7710000e+003  4.7699658e+000
  1.7720000e+003  4.7709880e+000
  1.7730000e+003  4.7720215e+000
  1.7740000e+003  4.7730622e+000
  1.7750000e+003  4.7741059e+000
  1.7760000e+003  4.7751491e+000
  1.7770000e+003  4.7761883e+000
  1.7780000e+003  4.7772207e+000
  1.7790000e+003  4.7782437e+000
  1.7800000e+003  4.7792553e+000
  1.7810000e+003  4.7802535e+000
  1.7820000e+003  4.7812370e+000
  1.7830000e+003  4.7822049e+000
  1.7840000e+003  4.7831564e+000
  1.7850000e+003  4.7840912e+000
  1.7860000e+003  4.7850092e+000
  1.7870000e+003  4.7859108e+000
  1.7880000e+003  4.7867965e+000
  1.7890000e+003  4.7876670e+000
  1.7900000e+003  4.7885236e+000
  1.7910000e+003  4.7893673e+000
  1.7920000e+003  4.7901998e+000
  1.7930000e+003  4.7910226e+000
  1.7940000e+003  4.7918375e+000
  1.7950000e+003  4.7926466e+000
  1.7960000e+003  4.7934520e+000
  1.7970000e+003  4.7942557e+000
  1.7980000e+003  4.7950603e+000
  1.7990000e+003  4.7958681e+000
  1.8000000e+003  4.7966815e+000
  1.8010000e+003  4.7975031e+000
  1.8020000e+003  4.7983356e+000
  1.8030000e+003  4.7991814e+000
  1.8040000e+003  4.8000432e+000
  1.8050000e+003  4.8009235e+000
  1.8060000e+003  4.8018250e+000
  1.8070000e+003  4.8027501e+000
  1.8080000e+003  4.8037012e+000
  1.8090000e+003  4.8046806e+000
  1.8100000e+003  4.8056906e+000
  1.8110000e+003  4.8067331e+000
  1.8120000e+003  4.8078101e+000
  1.8130000e+003  4.8089233e+000
  1.8140000e+003  4.8100742e+000
  1.8150000e+003  4.8112639e+000
  1.8160000e+003  4.8124936e+000
  1.8170000e+003  4.8137639e+000
  1.8180000e+003  4.8150753e+000
  1.8190000e+003  4.8164278e+000
  1.8200000e+003  4.8178212e+000
  1.8210000e+003  4.8192550e+000
  1.8220000e+003  4.8207281e+000
  1.8230000e+003  4.8222391e+000
  1.8240000e+003  4.8237862e+000
  1.8250000e+003  4.8253669e+000
  1.8260000e+003  4.8269784e+000
  1.8270000e+003  4.8286174e+000
  1.8280000e+003  4.8302796e+000
  1.8290000e+003  4.8319606e+000
  1.8300000e+003  4.8336547e+000
  1.8310000e+003  4.8353559e+000
  1.8320000e+003  4.8370571e+000
  1.8330000e+003  4.8387503e+000
  1.8340000e+003  4.8404265e+000
  1.8350000e+003  4.8420755e+000
  1.8360000e+003  4.8436862e+000
  1.8370000e+003  4.8452458e+000
  1.8380000e+003  4.8467403e+000
  1.8390000e+003  4.8481542e+000
  1.8400000e+003  4.8494703e+000
  1.8410000e+003  4.8506696e+000
  1.8420000e+003  4.8517314e+000
  1.8430000e+003  4.8526331e+000
  1.8440000e+003  4.8533499e+000
  1.8450000e+003  4.8538551e+000
  1.8460000e+003  4.8541199e+000
  1.8470000e+003  4.8541130e+000
  1.8480000e+003  4.8538014e+000
  1.8490000e+003  4.8531497e+000
  1.8500000e+003  4.8521205e+000
  1.8510000e+003  4.8506744e+000
  1.8520000e+003  4.8487702e+000
  1.8530000e+003  4.8463650e+000
  1.8540000e+003  4.8434146e+000
  1.8550000e+003  4.8398736e+000
  1.8560000e+003  4.8356957e+000
  1.8570000e+003  4.8308345e+000
  1.8580000e+003  4.8252432e+000
  1.8590000e+003  4.8188761e+000
  1.8600000e+003  4.8116881e+000
  1.8610000e+003  4.8036362e+000
  1.8620000e+003  4.7946795e+000
  1.8630000e+003  4.7847803e+000
  1.8640000e+003  4.7739046e+000
  1.8650000e+003  4.7620230e+000
  1.8660000e+003  4.7491114e+000
  1.8670000e+003  4.7351517e+000
  1.8680000e+003  4.7201326e+000
  1.8690000e+003  4.7040505e+000
  1.8700000e+003  4.6869100e+000
  1.8710000e+003  4.6687247e+000
  1.8720000e+003  4.6495176e+000
  1.8730000e+003  4.6293220e+000
  1.8740000e+003  4.6081814e+000
  1.8750000e+003  4.5861503e+000
  1.8760000e+003  4.5632939e+000
  1.8770000e+003  4.5396887e+000
  1.8780000e+003  4.5154219e+000
  1.8790000e+003  4.4905915e+000
  1.8800000e+003  4.4653057e+000
  1.8810000e+003  4.4396824e+000
  1.8820000e+003  4.4138486e+000
  1.8830000e+003  4.3879392e+000
  1.8840000e+003  4.3620964e+000
  1.8850000e+003  4.3364680e+000
  1.8860000e+003  4.3112065e+000
  1.8870000e+003  4.2864678e+000
  1.8880000e+003  4.2624091e+000
  1.8890000e+003  4.2391880e+000
  1.8900000e+003  4.2169603e+000
  1.8910000e+003  4.1958788e+000
  1.8920000e+003  4.1760913e+000
  1.8930000e+003  4.1577391e+000
  1.8940000e+003  4.1409555e+000
  1.8950000e+003  4.1258639e+000
  1.8960000e+003  4.1125771e+000
  1.8970000e+003  4.1011950e+000
  1.8980000e+003  4.0918042e+000
  1.8990000e+003  4.0844768e+000
  1.9000000e+003  4.0792692e+000
  1.9010000e+003  4.0762219e+000
  1.9020000e+003  4.0753585e+000
  1.9030000e+003  4.0766862e+000
  1.9040000e+003  4.0801947e+000
  1.9050000e+003  4.0858571e+000
  1.9060000e+003  4.0936301e+000
  1.9070000e+003  4.1034542e+000
  1.9080000e+003  4.1152546e+000
  1.9090000e+003  4.1289424e+000
  1.9100000e+003  4.1444152e+000
  1.9110000e+003  4.1615583e+000
  1.9120000e+003  4.1802464e+000
  1.9130000e+003  4.2003449e+000
  1.9140000e+003  4.2217114e+000
  1.9150000e+003  4.2441970e+000
  1.9160000e+003  4.2676486e+000
  1.9170000e+003  4.2919098e+000
  1.9180000e+003  4.3168233e+000
  1.9190000e+003  4.3422319e+000
  1.9200000e+003  4.3679802e+000
  1.9210000e+003  4.3939163e+000
  1.9220000e+003  4.4198931e+000
  1.9230000e+003  4.4457693e+000
  1.9240000e+003  4.4714109e+000
  1.9250000e+003  4.4966922e+000
  1.9260000e+003  4.5214962e+000
  1.9270000e+003  4.5457158e+000
  1.9280000e+003  4.5692541e+000
  1.9290000e+003  4.5920251e+000
  1.9300000e+003  4.6139533e+000
  1.9310000e+003  4.6349744e+000
  1.9320000e+003  4.6550349e+000
  1.9330000e+003  4.6740920e+000
  1.9340000e+003  4.6921134e+000
  1.9350000e+003  4.7090766e+000
  1.9360000e+003  4.7249688e+000
  1.9370000e+003  4.7397859e+000
  1.9380000e+003  4.7535320e+000
  1.9390000e+003  4.7662189e+000
  1.9400000e+003  4.7778649e+000
  1.9410000e+003  4.7884946e+000
  1.9420000e+003  4.7981377e+000
  1.9430000e+003  4.8068286e+000
  1.9440000e+003  4.8146052e+000
  1.9450000e+003  4.8215086e+000
  1.9460000e+003  4.8275824e+000
  1.9470000e+003  4.8328716e+000
  1.9480000e+003  4.8374227e+000
  1.9490000e+003  4.8412826e+000
  1.9500000e+003  4.8444982e+000
  1.9510000e+003  4.8471162e+000
  1.9520000e+003  4.8491825e+000
  1.9530000e+003  4.8507418e+000
  1.9540000e+003  4.8518377e+000
  1.9550000e+003  4.8525118e+000
  1.9560000e+003  4.8528044e+000
  1.9570000e+003  4.8527534e+000
  1.9580000e+003  4.8523950e+000
  1.9590000e+003  4.8517631e+000
  1.9600000e+003  4.8508896e+000
  1.9610000e+003  4.8498041e+000
  1.9620000e+003  4.8485342e+000
  1.9630000e+003  4.8471056e+000
  1.9640000e+003  4.8455416e+000
  1.9650000e+003  4.8438639e+000
  1.9660000e+003  4.8420923e+000
  1.9670000e+003  4.8402447e+000
  1.9680000e+003  4.8383375e+000
  1.9690000e+003  4.8363855e+000
  1.9700000e+003  4.8344022e+000
  1.9710000e+003  4.8323995e+000
  1.9720000e+003  4.8303882e+000
  1.9730000e+003  4.8283780e+000
  1.9740000e+003  4.8263774e+000
  1.9750000e+003  4.8243941e+000
  1.9760000e+003  4.8224348e+000
  1.9770000e+003  4.8205052e+000
  1.9780000e+003  4.8186104e+000
  1.9790000e+003  4.8167549e+000
  1.9800000e+003  4.8149422e+000
  1.9810000e+003  4.8131755e+000
  1.9820000e+003  4.8114573e+000
  1.9830000e+003  4.8097893e+000
  1.9840000e+003  4.8081730e+000
  1.9850000e+003  4.8066093e+000
  1.9860000e+003  4.8050986e+000
  1.9870000e+003  4.8036410e+000
  1.9880000e+003  4.8022359e+000
  1.9890000e+003  4.8008826e+000
  1.9900000e+003  4.7995798e+000
  1.9910000e+003  4.7983261e+000
  1.9920000e+003  4.7971197e+000
  1.9930000e+003  4.7959585e+000
  1.9940000e+003  4.7948400e+000
  1.9950000e+003  4.7937618e+000
  1.9960000e+003  4.7927212e+000
  1.9970000e+003  4.7917153e+000
  1.9980000e+003  4.7907412e+000
  1.9990000e+003  4.7897959e+000
  2.0000000e+003  4.7888763e+000
  2.0010000e+003  4.7879796e+000
  2.0020000e+003  4.7871029e+000
  2.0030000e+003  4.7862433e+000
  2.0040000e+003  4.7853983e+000
  2.0050000e+003  4.7845654e+000
  2.0060000e+003  4.7837424e+000
  2.0070000e+003  4.7829274e+000
  2.0080000e+003  4.7821188e+000
  2.0090000e+003  4.7813151e+000
  2.0100000e+003  4.7805154e+000
  2.0110000e+003  4.7797190e+000
  2.0120000e+003  4.7789256e+000
  2.0130000e+003  4.7781352e+000
  2.0140000e+003  4.7773483e+000
  2.0150000e+003  4.7765655e+000
  2.0160000e+003  4.7757879e+000
  2.0170000e+003  4.7750170e+000
  2.0180000e+003  4.7742544e+000
  2.0190000e+003  4.7735019e+000
  2.0200000e+003  4.7727618e+000
  2.0210000e+003  4.7720363e+000
  2.0220000e+003  4.7713278e+000
  2.0230000e+003  4.7706388e+000
  2.0240000e+003  4.7699719e+000
  2.0250000e+003  4.7693294e+000
  2.0260000e+003  4.7687138e+000
  2.0270000e+003  4.7681272e+000
  2.0280000e+003  4.7675716e+000
  2.0290000e+003  4.7670487e+000
  2.0300000e+003  4.7665597e+000
  2.0310000e+003  4.7661058e+000
  2.0320000e+003  4.7656872e+000
  2.0330000e+003  4.7653040e+000
  2.0340000e+003  4.7649557e+000
  2.0350000e+003  4.7646411e+000
  2.0360000e+003  4.7643584e+000
  2.0370000e+003  4.7641054e+000
  2.0380000e+003  4.7638790e+000
  2.0390000e+003  4.7636757e+000
  2.0400000e+003  4.7634914e+000
  2.0410000e+003  4.7633214e+000
  2.0420000e+003  4.7631603e+000
  2.0430000e+003  4.7630026e+000
  2.0440000e+003  4.7628422e+000
  2.0450000e+003  4.7626726e+000
  2.0460000e+003  4.7624872e+000
  2.0470000e+003  4.7622794e+000
  2.0480000e+003  4.7620424e+000
  2.0490000e+003  4.7617695e+000
  2.0500000e+003  4.7614544e+000
  2.0510000e+003  4.7610909e+000
  2.0520000e+003  4.7606735e+000
  2.0530000e+003  4.7601971e+000
  2.0540000e+003  4.7596576e+000
  2.0550000e+003  4.7590514e+000
  2.0560000e+003  4.7583761e+000
  2.0570000e+003  4.7576301e+000
  2.0580000e+003  4.7568132e+000
  2.0590000e+003  4.7559262e+000
  2.0600000e+003  4.7549711e+000
  2.0610000e+003  4.7539513e+000
  2.0620000e+003  4.7528714e+000
  2.0630000e+003  4.7517374e+000
  2.0640000e+003  4.7505562e+000
  2.0650000e+003  4.7493363e+000
  2.0660000e+003  4.7480870e+000
  2.0670000e+003  4.7468189e+000
  2.0680000e+003  4.7455434e+000
  2.0690000e+003  4.7442725e+000
  2.0700000e+003  4.7430190e+000
  2.0710000e+003  4.7417963e+000
  2.0720000e+003  4.7406178e+000
  2.0730000e+003  4.7394974e+000
  2.0740000e+003  4.7384486e+000
  2.0750000e+003  4.7374849e+000
  2.0760000e+003  4.7366192e+000
  2.0770000e+003  4.7358639e+000
  2.0780000e+003  4.7352307e+000
  2.0790000e+003  4.7347302e+000
  2.0800000e+003  4.7343721e+000
  2.0810000e+003  4.7341647e+000
  2.0820000e+003  4.7341152e+000
  2.0830000e+003  4.7342292e+000
  2.0840000e+003  4.7345109e+000
  2.0850000e+003  4.7349631e+000
  2.0860000e+003  4.7355868e+000
  2.0870000e+003  4.7363816e+000
  2.0880000e+003  4.7373455e+000
  2.0890000e+003  4.7384751e+000
  2.0900000e+003  4.7397655e+000
  2.0910000e+003  4.7412103e+000
  2.0920000e+003  4.7428021e+000
  2.0930000e+003  4.7445321e+000
  2.0940000e+003  4.7463907e+000
  2.0950000e+003  4.7483672e+000
  2.0960000e+003  4.7504502e+000
  2.0970000e+003  4.7526275e+000
  2.0980000e+003  4.7548867e+000
  2.0990000e+003  4.7572148e+000
  2.1000000e+003  4.7595987e+000
  2.1010000e+003  4.7620249e+000
  2.1020000e+003  4.7644803e+000
  2.1030000e+003  4.7669515e+000
  2.1040000e+003  4.7694254e+000
  2.1050000e+003  4.7718894e+000
  2.1060000e+003  4.7743307e+000
  2.1070000e+003  4.7767374e+000
  2.1080000e+003  4.7790974e+000
  2.1090000e+003  4.7813994e+000
  2.1100000e+003  4.7836324e+000
  2.1110000e+003  4.7857856e+000
  2.1120000e+003  4.7878487e+000
  2.1130000e+003  4.7898116e+000
  2.1140000e+003  4.7916645e+000
  2.1150000e+003  4.7933979e+000
  2.1160000e+003  4.7950023e+000
  2.1170000e+003  4.7964685e+000
  2.1180000e+003  4.7977873e+000
  2.1190000e+003  4.7989495e+000
  2.1200000e+003  4.7999461e+000
  2.1210000e+003  4.8007677e+000
  2.1220000e+003  4.8014053e+000
  2.1230000e+003  4.8018497e+000
  2.1240000e+003  4.8020917e+000
  2.1250000e+003  4.8021222e+000
  2.1260000e+003  4.8019322e+000
  2.1270000e+003  4.8015130e+000
  2.1280000e+003  4.8008560e+000
  2.1290000e+003  4.7999531e+000
  2.1300000e+003  4.7987968e+000
  2.1310000e+003  4.7973802e+000
  2.1320000e+003  4.7956973e+000
  2.1330000e+003  4.7937429e+000
  2.1340000e+003  4.7915133e+000
  2.1350000e+003  4.7890061e+000
  2.1360000e+003  4.7862202e+000
  2.1370000e+003  4.7831566e+000
  2.1380000e+003  4.7798180e+000
  2.1390000e+003  4.7762092e+000
  2.1400000e+003  4.7723373e+000
  2.1410000e+003  4.7682116e+000
  2.1420000e+003  4.7638439e+000
  2.1430000e+003  4.7592487e+000
  2.1440000e+003  4.7544428e+000
  2.1450000e+003  4.7494457e+000
  2.1460000e+003  4.7442795e+000
  2.1470000e+003  4.7389687e+000
  2.1480000e+003  4.7335401e+000
  2.1490000e+003  4.7280229e+000
  2.1500000e+003  4.7224483e+000
  2.1510000e+003  4.7168492e+000
  2.1520000e+003  4.7112601e+000
  2.1530000e+003  4.7057168e+000
  2.1540000e+003  4.7002560e+000
  2.1550000e+003  4.6949148e+000
  2.1560000e+003  4.6897309e+000
  2.1570000e+003  4.6847413e+000
  2.1580000e+003  4.6799827e+000
  2.1590000e+003  4.6754908e+000
  2.1600000e+003  4.6712996e+000
  2.1610000e+003  4.6674416e+000
  2.1620000e+003  4.6639469e+000
  2.1630000e+003  4.6608429e+000
  2.1640000e+003  4.6581545e+000
  2.1650000e+003  4.6559030e+000
  2.1660000e+003  4.6541063e+000
  2.1670000e+003  4.6527787e+000
  2.1680000e+003  4.6519305e+000
  2.1690000e+003  4.6515681e+000
  2.1700000e+003  4.6516937e+000
  2.1710000e+003  4.6523054e+000
  2.1720000e+003  4.6533972e+000
  2.1730000e+003  4.6549593e+000
  2.1740000e+003  4.6569776e+000
  2.1750000e+003  4.6594346e+000
  2.1760000e+003  4.6623092e+000
  2.1770000e+003  4.6655771e+000
  2.1780000e+003  4.6692110e+000
  2.1790000e+003  4.6731812e+000
  2.1800000e+003  4.6774554e+000
  2.1810000e+003  4.6819998e+000
  2.1820000e+003  4.6867788e+000
  2.1830000e+003  4.6917560e+000
  2.1840000e+003  4.6968940e+000
  2.1850000e+003  4.7021553e+000
  2.1860000e+003  4.7075024e+000
  2.1870000e+003  4.7128985e+000
  2.1880000e+003  4.7183072e+000
  2.1890000e+003  4.7236936e+000
  2.1900000e+003  4.7290240e+000
  2.1910000e+003  4.7342666e+000
  2.1920000e+003  4.7393914e+000
  2.1930000e+003  4.7443706e+000
  2.1940000e+003  4.7491787e+000
  2.1950000e+003  4.7537925e+000
  2.1960000e+003  4.7581915e+000
  2.1970000e+003  4.7623578e+000
  2.1980000e+003  4.7662759e+000
  2.1990000e+003  4.7699329e+000
  2.2000000e+003  4.7733186e+000
  2.2010000e+003  4.7764251e+000
  2.2020000e+003  4.7792470e+000
  2.2030000e+003  4.7817809e+000
  2.2040000e+003  4.7840259e+000
  2.2050000e+003  4.7859827e+000
  2.2060000e+003  4.7876539e+000
  2.2070000e+003  4.7890440e+000
  2.2080000e+003  4.7901586e+000
  2.2090000e+003  4.7910048e+000
  2.2100000e+003  4.7915909e+000
  2.2110000e+003  4.7919262e+000
  2.2120000e+003  4.7920206e+000
  2.2130000e+003  4.7918851e+000
  2.2140000e+003  4.7915309e+000
  2.2150000e+003  4.7909699e+000
  2.2160000e+003  4.7902144e+000
  2.2170000e+003  4.7892769e+000
  2.2180000e+003  4.7881700e+000
  2.2190000e+003  4.7869068e+000
  2.2200000e+003  4.7855000e+000
  2.2210000e+003  4.7839630e+000
  2.2220000e+003  4.7823086e+000
  2.2230000e+003  4.7805501e+000
  2.2240000e+003  4.7787005e+000
  2.2250000e+003  4.7767731e+000
  2.2260000e+003  4.7747810e+000
  2.2270000e+003  4.7727372e+000
  2.2280000e+003  4.7706548e+000
  2.2290000e+003  4.7685469e+000
  2.2300000e+003  4.7664263e+000
  2.2310000e+003  4.7643060e+000
  2.2320000e+003  4.7621987e+000
  2.2330000e+003  4.7601170e+000
  2.2340000e+003  4.7580731e+000
  2.2350000e+003  4.7560792e+000
  2.2360000e+003  4.7541470e+000
  2.2370000e+003  4.7522878e+000
  2.2380000e+003  4.7505125e+000
  2.2390000e+003  4.7488314e+000
  2.2400000e+003  4.7472539e+000
  2.2410000e+003  4.7457891e+000
  2.2420000e+003  4.7444450e+000
  2.2430000e+003  4.7432286e+000
  2.2440000e+003  4.7421462e+000
  2.2450000e+003  4.7412029e+000
  2.2460000e+003  4.7404026e+000
  2.2470000e+003  4.7397482e+000
  2.2480000e+003  4.7392413e+000
  2.2490000e+003  4.7388823e+000
  2.2500000e+003  4.7386703e+000
  2.2510000e+003  4.7386034e+000
  2.2520000e+003  4.7386783e+000
  2.2530000e+003  4.7388907e+000
  2.2540000e+003  4.7392351e+000
  2.2550000e+003  4.7397051e+000
  2.2560000e+003  4.7402933e+000
  2.2570000e+003  4.7409916e+000
  2.2580000e+003  4.7417911e+000
  2.2590000e+003  4.7426826e+000
  2.2600000e+003  4.7436561e+000
  2.2610000e+003  4.7447017e+000
  2.2620000e+003  4.7458092e+000
  2.2630000e+003  4.7469684e+000
  2.2640000e+003  4.7481692e+000
  2.2650000e+003  4.7494019e+000
  2.2660000e+003  4.7506572e+000
  2.2670000e+003  4.7519263e+000
  2.2680000e+003  4.7532009e+000
  2.2690000e+003  4.7544736e+000
  2.2700000e+003  4.7557377e+000
  2.2710000e+003  4.7569873e+000
  2.2720000e+003  4.7582173e+000
  2.2730000e+003  4.7594237e+000
  2.2740000e+003  4.7606032e+000
  2.2750000e+003  4.7617535e+000
  2.2760000e+003  4.7628729e+000
  2.2770000e+003  4.7639608e+000
  2.2780000e+003  4.7650173e+000
  2.2790000e+003  4.7660429e+000
  2.2800000e+003  4.7670391e+000
  2.2810000e+003  4.7680076e+000
  2.2820000e+003  4.7689507e+000
  2.2830000e+003  4.7698711e+000
  2.2840000e+003  4.7707716e+000
  2.2850000e+003  4.7716552e+000
  2.2860000e+003  4.7725252e+000
  2.2870000e+003  4.7733847e+000
  2.2880000e+003  4.7742369e+000
  2.2890000e+003  4.7750848e+000
  2.2900000e+003  4.7759313e+000
  2.2910000e+003  4.7767791e+000
  2.2920000e+003  4.7776305e+000
  2.2930000e+003  4.7784878e+000
  2.2940000e+003  4.7793530e+000
  2.2950000e+003  4.7802275e+000
  2.2960000e+003  4.7811129e+000
  2.2970000e+003  4.7820102e+000
  2.2980000e+003  4.7829203e+000
  2.2990000e+003  4.7838439e+000
  2.3000000e+003  4.7847813e+000
  2.3010000e+003  4.7857331e+000
  2.3020000e+003  4.7866992e+000
  2.3030000e+003  4.7876800e+000
  2.3040000e+003  4.7886753e+000
  2.3050000e+003  4.7896854e+000
  2.3060000e+003  4.7907102e+000
  2.3070000e+003  4.7917500e+000
  2.3080000e+003  4.7928048e+000
  2.3090000e+003  4.7938749e+000
  2.3100000e+003  4.7949608e+000
  2.3110000e+003  4.7960629e+000
  2.3120000e+003  4.7971818e+000
  2.3130000e+003  4.7983181e+000
  2.3140000e+003  4.7994727e+000
  2.3150000e+003  4.8006465e+000
  2.3160000e+003  4.8018402e+000
  2.3170000e+003  4.8030550e+000
  2.3180000e+003  4.8042916e+000
  2.3190000e+003  4.8055510e+000
  2.3200000e+003  4.8068338e+000
  2.3210000e+003  4.8081407e+000
  2.3220000e+003  4.8094721e+000
  2.3230000e+003  4.8108280e+000
  2.3240000e+003  4.8122083e+000
  2.3250000e+003  4.8136123e+000
  2.3260000e+003  4.8150389e+000
  2.3270000e+003  4.8164865e+000
  2.3280000e+003  4.8179526e+000
  2.3290000e+003  4.8194343e+000
  2.3300000e+003  4.8209277e+000
  2.3310000e+003  4.8224281e+000
  2.3320000e+003  4.8239299e+000
  2.3330000e+003  4.8254261e+000
  2.3340000e+003  4.8269089e+000
  2.3350000e+003  4.8283691e+000
  2.3360000e+003  4.8297961e+000
  2.3370000e+003  4.8311781e+000
  2.3380000e+003  4.8325014e+000
  2.3390000e+003  4.8337511e+000
  2.3400000e+003  4.8349105e+000
  2.3410000e+003  4.8359611e+000
  2.3420000e+003  4.8368826e+000
  2.3430000e+003  4.8376533e+000
  2.3440000e+003  4.8382490e+000
  2.3450000e+003  4.8386444e+000
  2.3460000e+003  4.8388118e+000
  2.3470000e+003  4.8387220e+000
  2.3480000e+003  4.8383442e+000
  2.3490000e+003  4.8376459e+000
  2.3500000e+003  4.8365930e+000
  2.3510000e+003  4.8351504e+000
  2.3520000e+003  4.8332817e+000
  2.3530000e+003  4.8309497e+000
  2.3540000e+003  4.8281169e+000
  2.3550000e+003  4.8247453e+000
  2.3560000e+003  4.8207970e+000
  2.3570000e+003  4.8162350e+000
  2.3580000e+003  4.8110229e+000
  2.3590000e+003  4.8051260e+000
  2.3600000e+003  4.7985116e+000
  2.3610000e+003  4.7911496e+000
  2.3620000e+003  4.7830127e+000
  2.3630000e+003  4.7740775e+000
  2.3640000e+003  4.7643250e+000
  2.3650000e+003  4.7537409e+000
  2.3660000e+003  4.7423163e+000
  2.3670000e+003  4.7300485e+000
  2.3680000e+003  4.7169411e+000
  2.3690000e+003  4.7030049e+000
  2.3700000e+003  4.6882583e+000
  2.3710000e+003  4.6727274e+000
  2.3720000e+003  4.6564464e+000
  2.3730000e+003  4.6394581e+000
  2.3740000e+003  4.6218137e+000
  2.3750000e+003  4.6035732e+000
  2.3760000e+003  4.5848047e+000
  2.3770000e+003  4.5655848e+000
  2.3780000e+003  4.5459983e+000
  2.3790000e+003  4.5261372e+000
  2.3800000e+003  4.5061006e+000
  2.3810000e+003  4.4859941e+000
  2.3820000e+003  4.4659287e+000
  2.3830000e+003  4.4460200e+000
  2.3840000e+003  4.4263873e+000
  2.3850000e+003  4.4071527e+000
  2.3860000e+003  4.3884394e+000
  2.3870000e+003  4.3703709e+000
  2.3880000e+003  4.3530699e+000
  2.3890000e+003  4.3366563e+000
  2.3900000e+003  4.3212468e+000
  2.3910000e+003  4.3069530e+000
  2.3920000e+003  4.2938801e+000
  2.3930000e+003  4.2821263e+000
  2.3940000e+003  4.2717810e+000
  2.3950000e+003  4.2629241e+000
  2.3960000e+003  4.2556248e+000
  2.3970000e+003  4.2499410e+000
  2.3980000e+003  4.2459186e+000
  2.3990000e+003  4.2435905e+000
  2.4000000e+003  4.2429768e+000
