  0.0000000e+000  2.4816068e+000
  1.0000000e+000  2.4857136e+000
  2.0000000e+000  2.4980006e+000
  3.0000000e+000  2.5183679e+000
  4.0000000e+000  2.5466490e+000
  5.0000000e+000  2.5826117e+000
  6.0000000e+000  2.6259587e+000
  7.0000000e+000  2.6763290e+000
  8.0000000e+000  2.7332999e+000
  9.0000000e+000  2.7963899e+000
  1.0000000e+001  2.8650622e+000
  1.1000000e+001  2.9387298e+000
  1.2000000e+001  3.0167614e+000
  1.3000000e+001  3.0984887e+000
  1.4000000e+001  3.1832146e+000
  1.5000000e+001  3.2702233e+000
  1.6000000e+001  3.3587901e+000
  1.7000000e+001  3.4481925e+000
  1.8000000e+001  3.5377220e+000
  1.9000000e+001  3.6266946e+000
  2.0000000e+001  3.7144621e+000
  2.1000000e+001  3.8004218e+000
  2.2000000e+001  3.8840249e+000
  2.3000000e+001  3.9647841e+000
  2.4000000e+001  4.0422782e+000
  2.5000000e+001  4.1161561e+000
  2.6000000e+001  4.1861377e+000
  2.7000000e+001  4.2520138e+000
  2.8000000e+001  4.3136437e+000
  2.9000000e+001  4.3709513e+000
  3.0000000e+001  4.4239201e+000
  3.1000000e+001  4.4725875e+000
  3.2000000e+001  4.5170373e+000
  3.3000000e+001  4.5573937e+000
  3.4000000e+001  4.5938132e+000
  3.5000000e+001  4.6264783e+000
  3.6000000e+001  4.6555909e+000
  3.7000000e+001  4.6813657e+000
  3.8000000e+001  4.7040256e+000
  3.9000000e+001  4.7237962e+000
  4.0000000e+001  4.7409025e+000
  4.1000000e+001  4.7555648e+000
  4.2000000e+001  4.7679971e+000
  4.3000000e+001  4.7784040e+000
  4.4000000e+001  4.7869801e+000
  4.5000000e+001  4.7939088e+000
  4.6000000e+001  4.7993614e+000
  4.7000000e+001  4.8034974e+000
  4.8000000e+001  4.8064644e+000
  4.9000000e+001  4.8083980e+000
  5.0000000e+001  4.8094228e+000
  5.1000000e+001  4.8096527e+000
  5.2000000e+001  4.8091912e+000
  5.3000000e+001  4.8081323e+000
  5.4000000e+001  4.8065612e+000
  5.5000000e+001  4.8045547e+000
  5.6000000e+001  4.8021817e+000
  5.7000000e+001  4.7995042e+000
  5.8000000e+001  4.7965773e+000
  5.9000000e+001  4.7934499e+000
  6.0000000e+001  4.7901654e+000
  6.1000000e+001  4.7867615e+000
  6.2000000e+001  4.7832713e+000
  6.3000000e+001  4.7797233e+000
  6.4000000e+001  4.7761417e+000
  6.5000000e+001  4.7725471e+000
  6.6000000e+001  4.7689564e+000
  6.7000000e+001  4.7653837e+000
  6.8000000e+001  4.7618399e+000
  6.9000000e+001  4.7583339e+000
  7.0000000e+001  4.7548721e+000
  7.1000000e+001  4.7514595e+000
  7.2000000e+001  4.7480994e+000
  7.3000000e+001  4.7447939e+000
  7.4000000e+001  4.7415443e+000
  7.5000000e+001  4.7383513e+000
  7.6000000e+001  4.7352151e+000
  7.7000000e+001  4.7321359e+000
  7.8000000e+001  4.7291136e+000
  7.9000000e+001  4.7261484e+000
  8.0000000e+001  4.7232409e+000
  8.1000000e+001  4.7203917e+000
  8.2000000e+001  4.7176020e+000
  8.3000000e+001  4.7148732e+000
  8.4000000e+001  4.7122072e+000
  8.5000000e+001  4.7096060e+000
  8.6000000e+001  4.7070720e+000
  8.7000000e+001  4.7046076e+000
  8.8000000e+001  4.7022153e+000
  8.9000000e+001  4.6998975e+000
  9.0000000e+001  4.6976564e+000
  9.1000000e+001  4.6954937e+000
  9.2000000e+001  4.6934109e+000
  9.3000000e+001  4.6914088e+000
  9.4000000e+001  4.6894877e+000
  9.5000000e+001  4.6876469e+000
  9.6000000e+001  4.6858854e+000
  9.7000000e+001  4.6842011e+000
  9.8000000e+001  4.6825912e+000
  9.9000000e+001  4.6810521e+000
  1.0000000e+002  4.6795797e+000
  1.0100000e+002  4.6781692e+000
  1.0200000e+002  4.6768150e+000
  1.0300000e+002  4.6755114e+000
  1.0400000e+002  4.6742522e+000
  1.0500000e+002  4.6730312e+000
  1.0600000e+002  4.6718421e+000
  1.0700000e+002  4.6706786e+000
  1.0800000e+002  4.6695349e+000
  1.0900000e+002  4.6684053e+000
  1.1000000e+002  4.6672848e+000
  1.1100000e+002  4.6661691e+000
  1.1200000e+002  4.6650544e+000
  1.1300000e+002  4.6639378e+000
  1.1400000e+002  4.6628171e+000
  1.1500000e+002  4.6616911e+000
  1.1600000e+002  4.6605591e+000
  1.1700000e+002  4.6594215e+000
  1.1800000e+002  4.6582791e+000
  1.1900000e+002  4.6571337e+000
  1.2000000e+002  4.6559873e+000
  1.2100000e+002  4.6548424e+000
  1.2200000e+002  4.6537018e+000
  1.2300000e+002  4.6525686e+000
  1.2400000e+002  4.6514457e+000
  1.2500000e+002  4.6503361e+000
  1.2600000e+002  4.6492424e+000
  1.2700000e+002  4.6481671e+000
  1.2800000e+002  4.6471121e+000
  1.2900000e+002  4.6460790e+000
  1.3000000e+002  4.6450687e+000
  1.3100000e+002  4.6440816e+000
  1.3200000e+002  4.6431175e+000
  1.3300000e+002  4.6421757e+000
  1.3400000e+002  4.6412549e+000
  1.3500000e+002  4.6403533e+000
  1.3600000e+002  4.6394686e+000
  1.3700000e+002  4.6385984e+000
  1.3800000e+002  4.6377397e+000
  1.3900000e+002  4.6368896e+000
  1.4000000e+002  4.6360450e+000
  1.4100000e+002  4.6352029e+000
  1.4200000e+002  4.6343603e+000
  1.4300000e+002  4.6335146e+000
  1.4400000e+002  4.6326633e+000
  1.4500000e+002  4.6318043e+000
  1.4600000e+002  4.6309361e+000
  1.4700000e+002  4.6300574e+000
  1.4800000e+002  4.6291676e+000
  1.4900000e+002  4.6282663e+000
  1.5000000e+002  4.6273539e+000
  1.5100000e+002  4.6264311e+000
  1.5200000e+002  4.6254989e+000
  1.5300000e+002  4.6245588e+000
  1.5400000e+002  4.6236127e+000
  1.5500000e+002  4.6226625e+000
  1.5600000e+002  4.6217105e+000
  1.5700000e+002  4.6207588e+000
  1.5800000e+002  4.6198098e+000
  1.5900000e+002  4.6188656e+000
  1.6000000e+002  4.6179283e+000
  1.6100000e+002  4.6169998e+000
  1.6200000e+002  4.6160817e+000
  1.6300000e+002  4.6151753e+000
  1.6400000e+002  4.6142816e+000
  1.6500000e+002  4.6134012e+000
  1.6600000e+002  4.6125345e+000
  1.6700000e+002  4.6116814e+000
  1.6800000e+002  4.6108415e+000
  1.6900000e+002  4.6100142e+000
  1.7000000e+002  4.6091986e+000
  1.7100000e+002  4.6083936e+000
  1.7200000e+002  4.6075980e+000
  1.7300000e+002  4.6068105e+000
  1.7400000e+002  4.6060300e+000
  1.7500000e+002  4.6052553e+000
  1.7600000e+002  4.6044853e+000
  1.7700000e+002  4.6037194e+000
  1.7800000e+002  4.6029570e+000
  1.7900000e+002  4.6021980e+000
  1.8000000e+002  4.6014428e+000
  1.8100000e+002  4.6006918e+000
  1.8200000e+002  4.5999463e+000
  1.8300000e+002  4.5992078e+000
  1.8400000e+002  4.5984781e+000
  1.8500000e+002  4.5977596e+000
  1.8600000e+002  4.5970549e+000
  1.8700000e+002  4.5963670e+000
  1.8800000e+002  4.5956989e+000
  1.8900000e+002  4.5950539e+000
  1.9000000e+002  4.5944352e+000
  1.9100000e+002  4.5938460e+000
  1.9200000e+002  4.5932894e+000
  1.9300000e+002  4.5927679e+000
  1.9400000e+002  4.5922841e+000
  1.9500000e+002  4.5918397e+000
  1.9600000e+002  4.5914360e+000
  1.9700000e+002  4.5910740e+000
  1.9800000e+002  4.5907536e+000
  1.9900000e+002  4.5904743e+000
  2.0000000e+002  4.5902348e+000
  2.0100000e+002  4.5900332e+000
  2.0200000e+002  4.5898670e+000
  2.0300000e+002  4.5897331e+000
  2.0400000e+002  4.5896280e+000
  2.0500000e+002  4.5895479e+000
  2.0600000e+002  4.5894885e+000
  2.0700000e+002  4.5894456e+000
  2.0800000e+002  4.5894151e+000
  2.0900000e+002  4.5893930e+000
  2.1000000e+002  4.5893755e+000
  2.1100000e+002  4.5893596e+000
  2.1200000e+002  4.5893424e+000
  2.1300000e+002  4.5893221e+000
  2.1400000e+002  4.5892976e+000
  2.1500000e+002  4.5892683e+000
  2.1600000e+002  4.5892347e+000
  2.1700000e+002  4.5891980e+000
  2.1800000e+002  4.5891602e+000
  2.1900000e+002  4.5891238e+000
  2.2000000e+002  4.5890920e+000
  2.2100000e+002  4.5890684e+000
  2.2200000e+002  4.5890565e+000
  2.2300000e+002  4.5890601e+000
  2.2400000e+002  4.5890826e+000
  2.2500000e+002  4.5891271e+000
  2.2600000e+002  4.5891960e+000
  2.2700000e+002  4.5892907e+000
  2.2800000e+002  4.5894119e+000
  2.2900000e+002  4.5895586e+000
  2.3000000e+002  4.5897290e+000
  2.3100000e+002  4.5899196e+000
  2.3200000e+002  4.5901254e+000
  2.3300000e+002  4.5903403e+000
  2.3400000e+002  4.5905564e+000
  2.3500000e+002  4.5907650e+000
  2.3600000e+002  4.5909559e+000
  2.3700000e+002  4.5911185e+000
  2.3800000e+002  4.5912411e+000
  2.3900000e+002  4.5913122e+000
  2.4000000e+002  4.5913201e+000
  2.4100000e+002  4.5912534e+000
  2.4200000e+002  4.5911016e+000
  2.4300000e+002  4.5908553e+000
  2.4400000e+002  4.5905065e+000
  2.4500000e+002  4.5900490e+000
  2.4600000e+002  4.5894789e+000
  2.4700000e+002  4.5887941e+000
  2.4800000e+002  4.5879956e+000
  2.4900000e+002  4.5870868e+000
  2.5000000e+002  4.5860739e+000
  2.5100000e+002  4.5849657e+000
  2.5200000e+002  4.5837738e+000
  2.5300000e+002  4.5825125e+000
  2.5400000e+002  4.5811981e+000
  2.5500000e+002  4.5798492e+000
  2.5600000e+002  4.5784858e+000
  2.5700000e+002  4.5771294e+000
  2.5800000e+002  4.5758023e+000
  2.5900000e+002  4.5745271e+000
  2.6000000e+002  4.5733263e+000
  2.6100000e+002  4.5722216e+000
  2.6200000e+002  4.5712337e+000
  2.6300000e+002  4.5703813e+000
  2.6400000e+002  4.5696812e+000
  2.6500000e+002  4.5691474e+000
  2.6600000e+002  4.5687910e+000
  2.6700000e+002  4.5686197e+000
  2.6800000e+002  4.5686376e+000
  2.6900000e+002  4.5688450e+000
  2.7000000e+002  4.5692383e+000
  2.7100000e+002  4.5698100e+000
  2.7200000e+002  4.5705486e+000
  2.7300000e+002  4.5714391e+000
  2.7400000e+002  4.5724629e+000
  2.7500000e+002  4.5735981e+000
  2.7600000e+002  4.5748203e+000
  2.7700000e+002  4.5761025e+000
  2.7800000e+002  4.5774157e+000
  2.7900000e+002  4.5787299e+000
  2.8000000e+002  4.5800141e+000
  2.8100000e+002  4.5812372e+000
  2.8200000e+002  4.5823686e+000
  2.8300000e+002  4.5833785e+000
  2.8400000e+002  4.5842391e+000
  2.8500000e+002  4.5849244e+000
  2.8600000e+002  4.5854113e+000
  2.8700000e+002  4.5856798e+000
  2.8800000e+002  4.5857138e+000
  2.8900000e+002  4.5855007e+000
  2.9000000e+002  4.5850325e+000
  2.9100000e+002  4.5843056e+000
  2.9200000e+002  4.5833209e+000
  2.9300000e+002  4.5820840e+000
  2.9400000e+002  4.5806053e+000
  2.9500000e+002  4.5788995e+000
  2.9600000e+002  4.5769857e+000
  2.9700000e+002  4.5748870e+000
  2.9800000e+002  4.5726303e+000
  2.9900000e+002  4.5702456e+000
  3.0000000e+002  4.5677660e+000
  3.0100000e+002  4.5652265e+000
  3.0200000e+002  4.5626641e+000
  3.0300000e+002  4.5601169e+000
  3.0400000e+002  4.5576234e+000
  3.0500000e+002  4.5552219e+000
  3.0600000e+002  4.5529500e+000
  3.0700000e+002  4.5508440e+000
  3.0800000e+002  4.5489380e+000
  3.0900000e+002  4.5472636e+000
  3.1000000e+002  4.5458494e+000
  3.1100000e+002  4.5447203e+000
  3.1200000e+002  4.5438975e+000
  3.1300000e+002  4.5433978e+000
  3.1400000e+002  4.5432335e+000
  3.1500000e+002  4.5434123e+000
  3.1600000e+002  4.5439373e+000
  3.1700000e+002  4.5448068e+000
  3.1800000e+002  4.5460146e+000
  3.1900000e+002  4.5475502e+000
  3.2000000e+002  4.5493989e+000
  3.2100000e+002  4.5515423e+000
  3.2200000e+002  4.5539588e+000
  3.2300000e+002  4.5566238e+000
  3.2400000e+002  4.5595102e+000
  3.2500000e+002  4.5625891e+000
  3.2600000e+002  4.5658304e+000
  3.2700000e+002  4.5692029e+000
  3.2800000e+002  4.5726751e+000
  3.2900000e+002  4.5762157e+000
  3.3000000e+002  4.5797939e+000
  3.3100000e+002  4.5833799e+000
  3.3200000e+002  4.5869449e+000
  3.3300000e+002  4.5904618e+000
  3.3400000e+002  4.5939051e+000
  3.3500000e+002  4.5972512e+000
  3.3600000e+002  4.6004783e+000
  3.3700000e+002  4.6035663e+000
  3.3800000e+002  4.6064972e+000
  3.3900000e+002  4.6092545e+000
  3.4000000e+002  4.6118231e+000
  3.4100000e+002  4.6141895e+000
  3.4200000e+002  4.6163411e+000
  3.4300000e+002  4.6182663e+000
  3.4400000e+002  4.6199542e+000
  3.4500000e+002  4.6213943e+000
  3.4600000e+002  4.6225764e+000
  3.4700000e+002  4.6234905e+000
  3.4800000e+002  4.6241267e+000
  3.4900000e+002  4.6244750e+000
  3.5000000e+002  4.6245254e+000
  3.5100000e+002  4.6242680e+000
  3.5200000e+002  4.6236930e+000
  3.5300000e+002  4.6227910e+000
  3.5400000e+002  4.6215532e+000
  3.5500000e+002  4.6199718e+000
  3.5600000e+002  4.6180401e+000
  3.5700000e+002  4.6157530e+000
  3.5800000e+002  4.6131077e+000
  3.5900000e+002  4.6101035e+000
  3.6000000e+002  4.6067428e+000
  3.6100000e+002  4.6030312e+000
  3.6200000e+002  4.5989782e+000
  3.6300000e+002  4.5945970e+000
  3.6400000e+002  4.5899054e+000
  3.6500000e+002  4.5849255e+000
  3.6600000e+002  4.5796842e+000
  3.6700000e+002  4.5742131e+000
  3.6800000e+002  4.5685484e+000
  3.6900000e+002  4.5627306e+000
  3.7000000e+002  4.5568046e+000
  3.7100000e+002  4.5508190e+000
  3.7200000e+002  4.5448256e+000
  3.7300000e+002  4.5388789e+000
  3.7400000e+002  4.5330352e+000
  3.7500000e+002  4.5273521e+000
  3.7600000e+002  4.5218876e+000
  3.7700000e+002  4.5166989e+000
  3.7800000e+002  4.5118419e+000
  3.7900000e+002  4.5073698e+000
  3.8000000e+002  4.5033328e+000
  3.8100000e+002  4.4997767e+000
  3.8200000e+002  4.4967422e+000
  3.8300000e+002  4.4942643e+000
  3.8400000e+002  4.4923717e+000
  3.8500000e+002  4.4910859e+000
  3.8600000e+002  4.4904213e+000
  3.8700000e+002  4.4903844e+000
  3.8800000e+002  4.4909740e+000
  3.8900000e+002  4.4921813e+000
  3.9000000e+002  4.4939896e+000
  3.9100000e+002  4.4963751e+000
  3.9200000e+002  4.4993068e+000
  3.9300000e+002  4.5027476e+000
  3.9400000e+002  4.5066543e+000
  3.9500000e+002  4.5109790e+000
  3.9600000e+002  4.5156695e+000
  3.9700000e+002  4.5206701e+000
  3.9800000e+002  4.5259229e+000
  3.9900000e+002  4.5313683e+000
  4.0000000e+002  4.5369463e+000
  4.0100000e+002  4.5425971e+000
  4.0200000e+002  4.5482622e+000
  4.0300000e+002  4.5538851e+000
  4.0400000e+002  4.5594124e+000
  4.0500000e+002  4.5647937e+000
  4.0600000e+002  4.5699834e+000
  4.0700000e+002  4.5749400e+000
  4.0800000e+002  4.5796274e+000
  4.0900000e+002  4.5840149e+000
  4.1000000e+002  4.5880774e+000
  4.1100000e+002  4.5917957e+000
  4.1200000e+002  4.5951563e+000
  4.1300000e+002  4.5981514e+000
  4.1400000e+002  4.6007791e+000
  4.1500000e+002  4.6030425e+000
  4.1600000e+002  4.6049499e+000
  4.1700000e+002  4.6065142e+000
  4.1800000e+002  4.6077527e+000
  4.1900000e+002  4.6086863e+000
  4.2000000e+002  4.6093390e+000
  4.2100000e+002  4.6097378e+000
  4.2200000e+002  4.6099115e+000
  4.2300000e+002  4.6098907e+000
  4.2400000e+002  4.6097069e+000
  4.2500000e+002  4.6093919e+000
  4.2600000e+002  4.6089776e+000
  4.2700000e+002  4.6084953e+000
  4.2800000e+002  4.6079751e+000
  4.2900000e+002  4.6074457e+000
  4.3000000e+002  4.6069340e+000
  4.3100000e+002  4.6064645e+000
  4.3200000e+002  4.6060594e+000
  4.3300000e+002  4.6057382e+000
  4.3400000e+002  4.6055174e+000
  4.3500000e+002  4.6054107e+000
  4.3600000e+002  4.6054285e+000
  4.3700000e+002  4.6055782e+000
  4.3800000e+002  4.6058641e+000
  4.3900000e+002  4.6062874e+000
  4.4000000e+002  4.6068464e+000
  4.4100000e+002  4.6075365e+000
  4.4200000e+002  4.6083501e+000
  4.4300000e+002  4.6092774e+000
  4.4400000e+002  4.6103057e+000
  4.4500000e+002  4.6114203e+000
  4.4600000e+002  4.6126040e+000
  4.4700000e+002  4.6138379e+000
  4.4800000e+002  4.6151008e+000
  4.4900000e+002  4.6163699e+000
  4.5000000e+002  4.6176208e+000
  4.5100000e+002  4.6188274e+000
  4.5200000e+002  4.6199621e+000
  4.5300000e+002  4.6209960e+000
  4.5400000e+002  4.6218990e+000
  4.5500000e+002  4.6226399e+000
  4.5600000e+002  4.6231863e+000
  4.5700000e+002  4.6235051e+000
  4.5800000e+002  4.6235625e+000
  4.5900000e+002  4.6233243e+000
  4.6000000e+002  4.6227560e+000
  4.6100000e+002  4.6218236e+000
  4.6200000e+002  4.6204931e+000
  4.6300000e+002  4.6187318e+000
  4.6400000e+002  4.6165082e+000
  4.6500000e+002  4.6137930e+000
  4.6600000e+002  4.6105590e+000
  4.6700000e+002  4.6067826e+000
  4.6800000e+002  4.6024436e+000
  4.6900000e+002  4.5975266e+000
  4.7000000e+002  4.5920212e+000
  4.7100000e+002  4.5859228e+000
  4.7200000e+002  4.5792335e+000
  4.7300000e+002  4.5719622e+000
  4.7400000e+002  4.5641257e+000
  4.7500000e+002  4.5557487e+000
  4.7600000e+002  4.5468645e+000
  4.7700000e+002  4.5375148e+000
  4.7800000e+002  4.5277500e+000
  4.7900000e+002  4.5176291e+000
  4.8000000e+002  4.5072193e+000
  4.8100000e+002  4.4965957e+000
  4.8200000e+002  4.4858405e+000
  4.8300000e+002  4.4750421e+000
  4.8400000e+002  4.4642944e+000
  4.8500000e+002  4.4536952e+000
  4.8600000e+002  4.4433454e+000
  4.8700000e+002  4.4333473e+000
  4.8800000e+002  4.4238028e+000
  4.8900000e+002  4.4148124e+000
  4.9000000e+002  4.4064734e+000
  4.9100000e+002  4.3988778e+000
  4.9200000e+002  4.3921118e+000
  4.9300000e+002  4.3862530e+000
  4.9400000e+002  4.3813704e+000
  4.9500000e+002  4.3775222e+000
  4.9600000e+002  4.3747551e+000
  4.9700000e+002  4.3731035e+000
  4.9800000e+002  4.3725891e+000
  4.9900000e+002  4.3732199e+000
  5.0000000e+002  4.3749907e+000
  5.0100000e+002  4.3778829e+000
  5.0200000e+002  4.3818647e+000
  5.0300000e+002  4.3868921e+000
  5.0400000e+002  4.3929092e+000
  5.0500000e+002  4.3998496e+000
  5.0600000e+002  4.4076372e+000
  5.0700000e+002  4.4161879e+000
  5.0800000e+002  4.4254106e+000
  5.0900000e+002  4.4352089e+000
  5.1000000e+002  4.4454828e+000
  5.1100000e+002  4.4561300e+000
  5.1200000e+002  4.4670477e+000
  5.1300000e+002  4.4781338e+000
  5.1400000e+002  4.4892889e+000
  5.1500000e+002  4.5004169e+000
  5.1600000e+002  4.5114270e+000
  5.1700000e+002  4.5222340e+000
  5.1800000e+002  4.5327600e+000
  5.1900000e+002  4.5429344e+000
  5.2000000e+002  4.5526953e+000
  5.2100000e+002  4.5619891e+000
  5.2200000e+002  4.5707711e+000
  5.2300000e+002  4.5790059e+000
  5.2400000e+002  4.5866665e+000
  5.2500000e+002  4.5937349e+000
  5.2600000e+002  4.6002010e+000
  5.2700000e+002  4.6060628e+000
  5.2800000e+002  4.6113251e+000
  5.2900000e+002  4.6159993e+000
  5.3000000e+002  4.6201024e+000
  5.3100000e+002  4.6236566e+000
  5.3200000e+002  4.6266878e+000
  5.3300000e+002  4.6292255e+000
  5.3400000e+002  4.6313016e+000
  5.3500000e+002  4.6329497e+000
  5.3600000e+002  4.6342041e+000
  5.3700000e+002  4.6350998e+000
  5.3800000e+002  4.6356710e+000
  5.3900000e+002  4.6359510e+000
  5.4000000e+002  4.6359717e+000
  5.4100000e+002  4.6357631e+000
  5.4200000e+002  4.6353525e+000
  5.4300000e+002  4.6347652e+000
  5.4400000e+002  4.6340234e+000
  5.4500000e+002  4.6331464e+000
  5.4600000e+002  4.6321507e+000
  5.4700000e+002  4.6310499e+000
  5.4800000e+002  4.6298546e+000
  5.4900000e+002  4.6285730e+000
  5.5000000e+002  4.6272109e+000
  5.5100000e+002  4.6257717e+000
  5.5200000e+002  4.6242571e+000
  5.5300000e+002  4.6226676e+000
  5.5400000e+002  4.6210021e+000
  5.5500000e+002  4.6192591e+000
  5.5600000e+002  4.6174369e+000
  5.5700000e+002  4.6155336e+000
  5.5800000e+002  4.6135482e+000
  5.5900000e+002  4.6114801e+000
  5.6000000e+002  4.6093304e+000
  5.6100000e+002  4.6071015e+000
  5.6200000e+002  4.6047975e+000
  5.6300000e+002  4.6024247e+000
  5.6400000e+002  4.5999915e+000
  5.6500000e+002  4.5975084e+000
  5.6600000e+002  4.5949882e+000
  5.6700000e+002  4.5924458e+000
  5.6800000e+002  4.5898981e+000
  5.6900000e+002  4.5873638e+000
  5.7000000e+002  4.5848632e+000
  5.7100000e+002  4.5824178e+000
  5.7200000e+002  4.5800496e+000
  5.7300000e+002  4.5777813e+000
  5.7400000e+002  4.5756355e+000
  5.7500000e+002  4.5736340e+000
  5.7600000e+002  4.5717978e+000
  5.7700000e+002  4.5701464e+000
  5.7800000e+002  4.5686972e+000
  5.7900000e+002  4.5674653e+000
  5.8000000e+002  4.5664630e+000
  5.8100000e+002  4.5656999e+000
  5.8200000e+002  4.5651819e+000
  5.8300000e+002  4.5649117e+000
  5.8400000e+002  4.5648885e+000
  5.8500000e+002  4.5651080e+000
  5.8600000e+002  4.5655625e+000
  5.8700000e+002  4.5662408e+000
  5.8800000e+002  4.5671291e+000
  5.8900000e+002  4.5682105e+000
  5.9000000e+002  4.5694660e+000
  5.9100000e+002  4.5708745e+000
  5.9200000e+002  4.5724137e+000
  5.9300000e+002  4.5740599e+000
  5.9400000e+002  4.5757893e+000
  5.9500000e+002  4.5775777e+000
  5.9600000e+002  4.5794017e+000
  5.9700000e+002  4.5812386e+000
  5.9800000e+002  4.5830671e+000
  5.9900000e+002  4.5848674e+000
  6.0000000e+002  4.5866220e+000
  6.0100000e+002  4.5883155e+000
  6.0200000e+002  4.5899347e+000
  6.0300000e+002  4.5914695e+000
  6.0400000e+002  4.5929119e+000
  6.0500000e+002  4.5942568e+000
  6.0600000e+002  4.5955017e+000
  6.0700000e+002  4.5966463e+000
  6.0800000e+002  4.5976927e+000
  6.0900000e+002  4.5986452e+000
  6.1000000e+002  4.5995098e+000
  6.1100000e+002  4.6002940e+000
  6.1200000e+002  4.6010069e+000
  6.1300000e+002  4.6016582e+000
  6.1400000e+002  4.6022587e+000
  6.1500000e+002  4.6028195e+000
  6.1600000e+002  4.6033518e+000
  6.1700000e+002  4.6038671e+000
  6.1800000e+002  4.6043762e+000
  6.1900000e+002  4.6048899e+000
  6.2000000e+002  4.6054182e+000
  6.2100000e+002  4.6059706e+000
  6.2200000e+002  4.6065556e+000
  6.2300000e+002  4.6071812e+000
  6.2400000e+002  4.6078541e+000
  6.2500000e+002  4.6085807e+000
  6.2600000e+002  4.6093662e+000
  6.2700000e+002  4.6102150e+000
  6.2800000e+002  4.6111310e+000
  6.2900000e+002  4.6121171e+000
  6.3000000e+002  4.6131757e+000
  6.3100000e+002  4.6143087e+000
  6.3200000e+002  4.6155171e+000
  6.3300000e+002  4.6168016e+000
  6.3400000e+002  4.6181624e+000
  6.3500000e+002  4.6195990e+000
  6.3600000e+002  4.6211104e+000
  6.3700000e+002  4.6226951e+000
  6.3800000e+002  4.6243507e+000
  6.3900000e+002  4.6260744e+000
  6.4000000e+002  4.6278622e+000
  6.4100000e+002  4.6297095e+000
  6.4200000e+002  4.6316102e+000
  6.4300000e+002  4.6335574e+000
  6.4400000e+002  4.6355423e+000
  6.4500000e+002  4.6375550e+000
  6.4600000e+002  4.6395834e+000
  6.4700000e+002  4.6416138e+000
  6.4800000e+002  4.6436300e+000
  6.4900000e+002  4.6456137e+000
  6.5000000e+002  4.6475440e+000
  6.5100000e+002  4.6493971e+000
  6.5200000e+002  4.6511465e+000
  6.5300000e+002  4.6527626e+000
  6.5400000e+002  4.6542127e+000
  6.5500000e+002  4.6554607e+000
  6.5600000e+002  4.6564673e+000
  6.5700000e+002  4.6571900e+000
  6.5800000e+002  4.6575828e+000
  6.5900000e+002  4.6575969e+000
  6.6000000e+002  4.6571804e+000
  6.6100000e+002  4.6562789e+000
  6.6200000e+002  4.6548356e+000
  6.6300000e+002  4.6527922e+000
  6.6400000e+002  4.6500891e+000
  6.6500000e+002  4.6466664e+000
  6.6600000e+002  4.6424645e+000
  6.6700000e+002  4.6374250e+000
  6.6800000e+002  4.6314923e+000
  6.6900000e+002  4.6246138e+000
  6.7000000e+002  4.6167420e+000
  6.7100000e+002  4.6078352e+000
  6.7200000e+002  4.5978593e+000
  6.7300000e+002  4.5867887e+000
  6.7400000e+002  4.5746081e+000
  6.7500000e+002  4.5613135e+000
  6.7600000e+002  4.5469135e+000
  6.7700000e+002  4.5314306e+000
  6.7800000e+002  4.5149021e+000
  6.7900000e+002  4.4973805e+000
  6.8000000e+002  4.4789347e+000
  6.8100000e+002  4.4596498e+000
  6.8200000e+002  4.4396272e+000
  6.8300000e+002  4.4189844e+000
  6.8400000e+002  4.3978543e+000
  6.8500000e+002  4.3763840e+000
  6.8600000e+002  4.3547336e+000
  6.8700000e+002  4.3330748e+000
  6.8800000e+002  4.3115884e+000
  6.8900000e+002  4.2904624e+000
  6.9000000e+002  4.2698892e+000
  6.9100000e+002  4.2500633e+000
  6.9200000e+002  4.2311779e+000
  6.9300000e+002  4.2134225e+000
  6.9400000e+002  4.1969796e+000
  6.9500000e+002  4.1820215e+000
  6.9600000e+002  4.1687083e+000
  6.9700000e+002  4.1571841e+000
  6.9800000e+002  4.1475757e+000
  6.9900000e+002  4.1399895e+000
  7.0000000e+002  4.1345101e+000
  7.0100000e+002  4.1311989e+000
  7.0200000e+002  4.1300928e+000
  7.0300000e+002  4.1312037e+000
  7.0400000e+002  4.1345182e+000
  7.0500000e+002  4.1399979e+000
  7.0600000e+002  4.1475803e+000
  7.0700000e+002  4.1571796e+000
  7.0800000e+002  4.1686882e+000
  7.0900000e+002  4.1819788e+000
  7.1000000e+002  4.1969066e+000
  7.1100000e+002  4.2133114e+000
  7.1200000e+002  4.2310205e+000
  7.1300000e+002  4.2498518e+000
  7.1400000e+002  4.2696160e+000
  7.1500000e+002  4.2901203e+000
  7.1600000e+002  4.3111709e+000
  7.1700000e+002  4.3325757e+000
  7.1800000e+002  4.3541475e+000
  7.1900000e+002  4.3757059e+000
  7.2000000e+002  4.3970799e+000
  7.2100000e+002  4.4181099e+000
  7.2200000e+002  4.4386490e+000
  7.2300000e+002  4.4585647e+000
  7.2400000e+002  4.4777398e+000
  7.2500000e+002  4.4960730e+000
  7.2600000e+002  4.5134794e+000
  7.2700000e+002  4.5298903e+000
  7.2800000e+002  4.5452532e+000
  7.2900000e+002  4.5595311e+000
  7.3000000e+002  4.5727018e+000
  7.3100000e+002  4.5847571e+000
  7.3200000e+002  4.5957015e+000
  7.3300000e+002  4.6055510e+000
  7.3400000e+002  4.6143319e+000
  7.3500000e+002  4.6220792e+000
  7.3600000e+002  4.6288355e+000
  7.3700000e+002  4.6346497e+000
  7.3800000e+002  4.6395752e+000
  7.3900000e+002  4.6436691e+000
  7.4000000e+002  4.6469910e+000
  7.4100000e+002  4.6496017e+000
  7.4200000e+002  4.6515622e+000
  7.4300000e+002  4.6529334e+000
  7.4400000e+002  4.6537746e+000
  7.4500000e+002  4.6541435e+000
  7.4600000e+002  4.6540953e+000
  7.4700000e+002  4.6536826e+000
  7.4800000e+002  4.6529550e+000
  7.4900000e+002  4.6519587e+000
  7.5000000e+002  4.6507369e+000
  7.5100000e+002  4.6493290e+000
  7.5200000e+002  4.6477715e+000
  7.5300000e+002  4.6460971e+000
  7.5400000e+002  4.6443358e+000
  7.5500000e+002  4.6425142e+000
  7.5600000e+002  4.6406560e+000
  7.5700000e+002  4.6387825e+000
  7.5800000e+002  4.6369120e+000
  7.5900000e+002  4.6350607e+000
  7.6000000e+002  4.6332424e+000
  7.6100000e+002  4.6314690e+000
  7.6200000e+002  4.6297503e+000
  7.6300000e+002  4.6280945e+000
  7.6400000e+002  4.6265080e+000
  7.6500000e+002  4.6249957e+000
  7.6600000e+002  4.6235612e+000
  7.6700000e+002  4.6222064e+000
  7.6800000e+002  4.6209322e+000
  7.6900000e+002  4.6197382e+000
  7.7000000e+002  4.6186226e+000
  7.7100000e+002  4.6175827e+000
  7.7200000e+002  4.6166147e+000
  7.7300000e+002  4.6157135e+000
  7.7400000e+002  4.6148735e+000
  7.7500000e+002  4.6140878e+000
  7.7600000e+002  4.6133488e+000
  7.7700000e+002  4.6126482e+000
  7.7800000e+002  4.6119771e+000
  7.7900000e+002  4.6113258e+000
  7.8000000e+002  4.6106847e+000
  7.8100000e+002  4.6100435e+000
  7.8200000e+002  4.6093922e+000
  7.8300000e+002  4.6087208e+000
  7.8400000e+002  4.6080194e+000
  7.8500000e+002  4.6072790e+000
  7.8600000e+002  4.6064910e+000
  7.8700000e+002  4.6056479e+000
  7.8800000e+002  4.6047434e+000
  7.8900000e+002  4.6037722e+000
  7.9000000e+002  4.6027308e+000
  7.9100000e+002  4.6016173e+000
  7.9200000e+002  4.6004316e+000
  7.9300000e+002  4.5991753e+000
  7.9400000e+002  4.5978523e+000
  7.9500000e+002  4.5964682e+000
  7.9600000e+002  4.5950307e+000
  7.9700000e+002  4.5935495e+000
  7.9800000e+002  4.5920358e+000
  7.9900000e+002  4.5905029e+000
  8.0000000e+002  4.5889653e+000
  8.0100000e+002  4.5874387e+000
  8.0200000e+002  4.5859399e+000
  8.0300000e+002  4.5844864e+000
  8.0400000e+002  4.5830961e+000
  8.0500000e+002  4.5817868e+000
  8.0600000e+002  4.5805760e+000
  8.0700000e+002  4.5794806e+000
  8.0800000e+002  4.5785165e+000
  8.0900000e+002  4.5776982e+000
  8.1000000e+002  4.5770387e+000
  8.1100000e+002  4.5765492e+000
  8.1200000e+002  4.5762386e+000
  8.1300000e+002  4.5761137e+000
  8.1400000e+002  4.5761788e+000
  8.1500000e+002  4.5764360e+000
  8.1600000e+002  4.5768847e+000
  8.1700000e+002  4.5775220e+000
  8.1800000e+002  4.5783426e+000
  8.1900000e+002  4.5793392e+000
  8.2000000e+002  4.5805024e+000
  8.2100000e+002  4.5818208e+000
  8.2200000e+002  4.5832817e+000
  8.2300000e+002  4.5848711e+000
  8.2400000e+002  4.5865738e+000
  8.2500000e+002  4.5883738e+000
  8.2600000e+002  4.5902549e+000
  8.2700000e+002  4.5922001e+000
  8.2800000e+002  4.5941926e+000
  8.2900000e+002  4.5962155e+000
  8.3000000e+002  4.5982522e+000
  8.3100000e+002  4.6002863e+000
  8.3200000e+002  4.6023014e+000
  8.3300000e+002  4.6042817e+000
  8.3400000e+002  4.6062115e+000
  8.3500000e+002  4.6080750e+000
  8.3600000e+002  4.6098567e+000
  8.3700000e+002  4.6115407e+000
  8.3800000e+002  4.6131109e+000
  8.3900000e+002  4.6145505e+000
  8.4000000e+002  4.6158424e+000
  8.4100000e+002  4.6169684e+000
  8.4200000e+002  4.6179095e+000
  8.4300000e+002  4.6186459e+000
  8.4400000e+002  4.6191565e+000
  8.4500000e+002  4.6194196e+000
  8.4600000e+002  4.6194123e+000
  8.4700000e+002  4.6191113e+000
  8.4800000e+002  4.6184927e+000
  8.4900000e+002  4.6175326e+000
  8.5000000e+002  4.6162074e+000
  8.5100000e+002  4.6144940e+000
  8.5200000e+002  4.6123707e+000
  8.5300000e+002  4.6098178e+000
  8.5400000e+002  4.6068177e+000
  8.5500000e+002  4.6033561e+000
  8.5600000e+002  4.5994222e+000
  8.5700000e+002  4.5950098e+000
  8.5800000e+002  4.5901173e+000
  8.5900000e+002  4.5847489e+000
  8.6000000e+002  4.5789147e+000
  8.6100000e+002  4.5726312e+000
  8.6200000e+002  4.5659218e+000
  8.6300000e+002  4.5588167e+000
  8.6400000e+002  4.5513534e+000
  8.6500000e+002  4.5435761e+000
  8.6600000e+002  4.5355361e+000
  8.6700000e+002  4.5272910e+000
  8.6800000e+002  4.5189045e+000
  8.6900000e+002  4.5104454e+000
  8.7000000e+002  4.5019871e+000
  8.7100000e+002  4.4936069e+000
  8.7200000e+002  4.4853843e+000
  8.7300000e+002  4.4774004e+000
  8.7400000e+002  4.4697367e+000
  8.7500000e+002  4.4624735e+000
  8.7600000e+002  4.4556890e+000
  8.7700000e+002  4.4494577e+000
  8.7800000e+002  4.4438493e+000
  8.7900000e+002  4.4389276e+000
  8.8000000e+002  4.4347493e+000
  8.8100000e+002  4.4313631e+000
  8.8200000e+002  4.4288085e+000
  8.8300000e+002  4.4271154e+000
  8.8400000e+002  4.4263037e+000
  8.8500000e+002  4.4263825e+000
  8.8600000e+002  4.4273504e+000
  8.8700000e+002  4.4291950e+000
  8.8800000e+002  4.4318938e+000
  8.8900000e+002  4.4354138e+000
  8.9000000e+002  4.4397130e+000
  8.9100000e+002  4.4447405e+000
  8.9200000e+002  4.4504375e+000
  8.9300000e+002  4.4567386e+000
  8.9400000e+002  4.4635730e+000
  8.9500000e+002  4.4708651e+000
  8.9600000e+002  4.4785365e+000
  8.9700000e+002  4.4865070e+000
  8.9800000e+002  4.4946958e+000
  8.9900000e+002  4.5030227e+000
  9.0000000e+002  4.5114096e+000
  9.0100000e+002  4.5197814e+000
  9.0200000e+002  4.5280669e+000
  9.0300000e+002  4.5362000e+000
  9.0400000e+002  4.5441201e+000
  9.0500000e+002  4.5517730e+000
  9.0600000e+002  4.5591112e+000
  9.0700000e+002  4.5660942e+000
  9.0800000e+002  4.5726887e+000
  9.0900000e+002  4.5788686e+000
  9.1000000e+002  4.5846151e+000
  9.1100000e+002  4.5899158e+000
  9.1200000e+002  4.5947653e+000
  9.1300000e+002  4.5991638e+000
  9.1400000e+002  4.6031172e+000
  9.1500000e+002  4.6066362e+000
  9.1600000e+002  4.6097358e+000
  9.1700000e+002  4.6124345e+000
  9.1800000e+002  4.6147535e+000
  9.1900000e+002  4.6167162e+000
  9.2000000e+002  4.6183475e+000
  9.2100000e+002  4.6196730e+000
  9.2200000e+002  4.6207182e+000
  9.2300000e+002  4.6215086e+000
  9.2400000e+002  4.6220682e+000
  9.2500000e+002  4.6224198e+000
  9.2600000e+002  4.6225842e+000
  9.2700000e+002  4.6225803e+000
  9.2800000e+002  4.6224240e+000
  9.2900000e+002  4.6221290e+000
  9.3000000e+002  4.6217062e+000
  9.3100000e+002  4.6211634e+000
  9.3200000e+002  4.6205061e+000
  9.3300000e+002  4.6197369e+000
  9.3400000e+002  4.6188561e+000
  9.3500000e+002  4.6178618e+000
  9.3600000e+002  4.6167503e+000
  9.3700000e+002  4.6155162e+000
  9.3800000e+002  4.6141533e+000
  9.3900000e+002  4.6126545e+000
  9.4000000e+002  4.6110124e+000
  9.4100000e+002  4.6092202e+000
  9.4200000e+002  4.6072715e+000
  9.4300000e+002  4.6051614e+000
  9.4400000e+002  4.6028863e+000
  9.4500000e+002  4.6004449e+000
  9.4600000e+002  4.5978385e+000
  9.4700000e+002  4.5950708e+000
  9.4800000e+002  4.5921488e+000
  9.4900000e+002  4.5890828e+000
  9.5000000e+002  4.5858862e+000
  9.5100000e+002  4.5825760e+000
  9.5200000e+002  4.5791726e+000
  9.5300000e+002  4.5756992e+000
  9.5400000e+002  4.5721825e+000
  9.5500000e+002  4.5686515e+000
  9.5600000e+002  4.5651374e+000
  9.5700000e+002  4.5616735e+000
  9.5800000e+002  4.5582940e+000
  9.5900000e+002  4.5550340e+000
  9.6000000e+002  4.5519285e+000
  9.6100000e+002  4.5490120e+000
  9.6200000e+002  4.5463176e+000
  9.6300000e+002  4.5438766e+000
  9.6400000e+002  4.5417177e+000
  9.6500000e+002  4.5398666e+000
  9.6600000e+002  4.5383451e+000
  9.6700000e+002  4.5371713e+000
  9.6800000e+002  4.5363584e+000
  9.6900000e+002  4.5359149e+000
  9.7000000e+002  4.5358445e+000
  9.7100000e+002  4.5361456e+000
  9.7200000e+002  4.5368116e+000
  9.7300000e+002  4.5378308e+000
  9.7400000e+002  4.5391867e+000
  9.7500000e+002  4.5408583e+000
  9.7600000e+002  4.5428204e+000
  9.7700000e+002  4.5450442e+000
  9.7800000e+002  4.5474975e+000
  9.7900000e+002  4.5501455e+000
  9.8000000e+002  4.5529515e+000
  9.8100000e+002  4.5558772e+000
  9.8200000e+002  4.5588836e+000
  9.8300000e+002  4.5619314e+000
  9.8400000e+002  4.5649821e+000
  9.8500000e+002  4.5679980e+000
  9.8600000e+002  4.5709431e+000
  9.8700000e+002  4.5737838e+000
  9.8800000e+002  4.5764891e+000
  9.8900000e+002  4.5790310e+000
  9.9000000e+002  4.5813851e+000
  9.9100000e+002  4.5835307e+000
  9.9200000e+002  4.5854513e+000
  9.9300000e+002  4.5871345e+000
  9.9400000e+002  4.5885719e+000
  9.9500000e+002  4.5897599e+000
  9.9600000e+002  4.5906986e+000
  9.9700000e+002  4.5913925e+000
  9.9800000e+002  4.5918502e+000
  9.9900000e+002  4.5920836e+000
  1.0000000e+003  4.5921082e+000
  1.0010000e+003  4.5919426e+000
  1.0020000e+003  4.5916078e+000
  1.0030000e+003  4.5911273e+000
  1.0040000e+003  4.5905260e+000
  1.0050000e+003  4.5898303e+000
  1.0060000e+003  4.5890673e+000
  1.0070000e+003  4.5882643e+000
  1.0080000e+003  4.5874483e+000
  1.0090000e+003  4.5866456e+000
  1.0100000e+003  4.5858814e+000
  1.0110000e+003  4.5851790e+000
  1.0120000e+003  4.5845601e+000
  1.0130000e+003  4.5840435e+000
  1.0140000e+003  4.5836457e+000
  1.0150000e+003  4.5833804e+000
  1.0160000e+003  4.5832578e+000
  1.0170000e+003  4.5832855e+000
  1.0180000e+003  4.5834675e+000
  1.0190000e+003  4.5838049e+000
  1.0200000e+003  4.5842956e+000
  1.0210000e+003  4.5849348e+000
  1.0220000e+003  4.5857149e+000
  1.0230000e+003  4.5866259e+000
  1.0240000e+003  4.5876557e+000
  1.0250000e+003  4.5887904e+000
  1.0260000e+003  4.5900149e+000
  1.0270000e+003  4.5913128e+000
  1.0280000e+003  4.5926671e+000
  1.0290000e+003  4.5940608e+000
  1.0300000e+003  4.5954766e+000
  1.0310000e+003  4.5968980e+000
  1.0320000e+003  4.5983089e+000
  1.0330000e+003  4.5996946e+000
  1.0340000e+003  4.6010415e+000
  1.0350000e+003  4.6023373e+000
  1.0360000e+003  4.6035717e+000
  1.0370000e+003  4.6047358e+000
  1.0380000e+003  4.6058227e+000
  1.0390000e+003  4.6068272e+000
  1.0400000e+003  4.6077459e+000
  1.0410000e+003  4.6085771e+000
  1.0420000e+003  4.6093207e+000
  1.0430000e+003  4.6099781e+000
  1.0440000e+003  4.6105518e+000
  1.0450000e+003  4.6110457e+000
  1.0460000e+003  4.6114644e+000
  1.0470000e+003  4.6118134e+000
  1.0480000e+003  4.6120985e+000
  1.0490000e+003  4.6123263e+000
  1.0500000e+003  4.6125031e+000
  1.0510000e+003  4.6126355e+000
  1.0520000e+003  4.6127299e+000
  1.0530000e+003  4.6127924e+000
  1.0540000e+003  4.6128289e+000
  1.0550000e+003  4.6128446e+000
  1.0560000e+003  4.6128447e+000
  1.0570000e+003  4.6128333e+000
  1.0580000e+003  4.6128145e+000
  1.0590000e+003  4.6127915e+000
  1.0600000e+003  4.6127673e+000
  1.0610000e+003  4.6127443e+000
  1.0620000e+003  4.6127246e+000
  1.0630000e+003  4.6127098e+000
  1.0640000e+003  4.6127014e+000
  1.0650000e+003  4.6127004e+000
  1.0660000e+003  4.6127079e+000
  1.0670000e+003  4.6127247e+000
  1.0680000e+003  4.6127516e+000
  1.0690000e+003  4.6127892e+000
  1.0700000e+003  4.6128383e+000
  1.0710000e+003  4.6128994e+000
  1.0720000e+003  4.6129734e+000
  1.0730000e+003  4.6130610e+000
  1.0740000e+003  4.6131628e+000
  1.0750000e+003  4.6132797e+000
  1.0760000e+003  4.6134126e+000
  1.0770000e+003  4.6135621e+000
  1.0780000e+003  4.6137293e+000
  1.0790000e+003  4.6139149e+000
  1.0800000e+003  4.6141197e+000
  1.0810000e+003  4.6143447e+000
  1.0820000e+003  4.6145907e+000
  1.0830000e+003  4.6148585e+000
  1.0840000e+003  4.6151490e+000
  1.0850000e+003  4.6154631e+000
  1.0860000e+003  4.6158018e+000
  1.0870000e+003  4.6161659e+000
  1.0880000e+003  4.6165567e+000
  1.0890000e+003  4.6169751e+000
  1.0900000e+003  4.6174223e+000
  1.0910000e+003  4.6178997e+000
  1.0920000e+003  4.6184085e+000
  1.0930000e+003  4.6189503e+000
  1.0940000e+003  4.6195265e+000
  1.0950000e+003  4.6201387e+000
  1.0960000e+003  4.6207886e+000
  1.0970000e+003  4.6214779e+000
  1.0980000e+003  4.6222082e+000
  1.0990000e+003  4.6229811e+000
  1.1000000e+003  4.6237984e+000
  1.1010000e+003  4.6246615e+000
  1.1020000e+003  4.6255720e+000
  1.1030000e+003  4.6265313e+000
  1.1040000e+003  4.6275406e+000
  1.1050000e+003  4.6286012e+000
  1.1060000e+003  4.6297140e+000
  1.1070000e+003  4.6308801e+000
  1.1080000e+003  4.6321003e+000
  1.1090000e+003  4.6333755e+000
  1.1100000e+003  4.6347065e+000
  1.1110000e+003  4.6360940e+000
  1.1120000e+003  4.6375389e+000
  1.1130000e+003  4.6390422e+000
  1.1140000e+003  4.6406047e+000
  1.1150000e+003  4.6422277e+000
  1.1160000e+003  4.6439125e+000
  1.1170000e+003  4.6456606e+000
  1.1180000e+003  4.6474737e+000
  1.1190000e+003  4.6493536e+000
  1.1200000e+003  4.6513025e+000
  1.1210000e+003  4.6533224e+000
  1.1220000e+003  4.6554156e+000
  1.1230000e+003  4.6575845e+000
  1.1240000e+003  4.6598313e+000
  1.1250000e+003  4.6621581e+000
  1.1260000e+003  4.6645667e+000
  1.1270000e+003  4.6670586e+000
  1.1280000e+003  4.6696350e+000
  1.1290000e+003  4.6722960e+000
  1.1300000e+003  4.6750414e+000
  1.1310000e+003  4.6778698e+000
  1.1320000e+003  4.6807788e+000
  1.1330000e+003  4.6837647e+000
  1.1340000e+003  4.6868224e+000
  1.1350000e+003  4.6899453e+000
  1.1360000e+003  4.6931246e+000
  1.1370000e+003  4.6963500e+000
  1.1380000e+003  4.6996086e+000
  1.1390000e+003  4.7028854e+000
  1.1400000e+003  4.7061623e+000
  1.1410000e+003  4.7094188e+000
  1.1420000e+003  4.7126308e+000
  1.1430000e+003  4.7157710e+000
  1.1440000e+003  4.7188080e+000
  1.1450000e+003  4.7217068e+000
  1.1460000e+003  4.7244275e+000
  1.1470000e+003  4.7269257e+000
  1.1480000e+003  4.7291516e+000
  1.1490000e+003  4.7310502e+000
  1.1500000e+003  4.7325604e+000
  1.1510000e+003  4.7336148e+000
  1.1520000e+003  4.7341399e+000
  1.1530000e+003  4.7340550e+000
  1.1540000e+003  4.7332726e+000
  1.1550000e+003  4.7316982e+000
  1.1560000e+003  4.7292301e+000
  1.1570000e+003  4.7257599e+000
  1.1580000e+003  4.7211726e+000
  1.1590000e+003  4.7153469e+000
  1.1600000e+003  4.7081565e+000
  1.1610000e+003  4.6994705e+000
  1.1620000e+003  4.6891553e+000
  1.1630000e+003  4.6770755e+000
  1.1640000e+003  4.6630961e+000
  1.1650000e+003  4.6470846e+000
  1.1660000e+003  4.6289137e+000
  1.1670000e+003  4.6084636e+000
  1.1680000e+003  4.5856256e+000
  1.1690000e+003  4.5603048e+000
  1.1700000e+003  4.5324242e+000
  1.1710000e+003  4.5019275e+000
  1.1720000e+003  4.4687832e+000
  1.1730000e+003  4.4329879e+000
  1.1740000e+003  4.3945696e+000
  1.1750000e+003  4.3535903e+000
  1.1760000e+003  4.3101490e+000
  1.1770000e+003  4.2643836e+000
  1.1780000e+003  4.2164716e+000
  1.1790000e+003  4.1666316e+000
  1.1800000e+003  4.1151221e+000
  1.1810000e+003  4.0622408e+000
  1.1820000e+003  4.0083224e+000
  1.1830000e+003  3.9537356e+000
  1.1840000e+003  3.8988792e+000
  1.1850000e+003  3.8441772e+000
  1.1860000e+003  3.7900738e+000
  1.1870000e+003  3.7370273e+000
  1.1880000e+003  3.6855035e+000
  1.1890000e+003  3.6359688e+000
  1.1900000e+003  3.5888841e+000
  1.1910000e+003  3.5446969e+000
  1.1920000e+003  3.5038355e+000
  1.1930000e+003  3.4667021e+000
  1.1940000e+003  3.4336666e+000
  1.1950000e+003  3.4050617e+000
  1.1960000e+003  3.3811776e+000
  1.1970000e+003  3.3622579e+000
  1.1980000e+003  3.3484961e+000
  1.1990000e+003  3.3400328e+000
  1.2000000e+003  3.3369539e+000
  1.2010000e+003  3.3392892e+000
  1.2020000e+003  3.3470125e+000
  1.2030000e+003  3.3600415e+000
  1.2040000e+003  3.3782391e+000
  1.2050000e+003  3.4014159e+000
  1.2060000e+003  3.4293326e+000
  1.2070000e+003  3.4617033e+000
  1.2080000e+003  3.4982002e+000
  1.2090000e+003  3.5384580e+000
  1.2100000e+003  3.5820795e+000
  1.2110000e+003  3.6286414e+000
  1.2120000e+003  3.6777006e+000
  1.2130000e+003  3.7288009e+000
  1.2140000e+003  3.7814793e+000
  1.2150000e+003  3.8352732e+000
  1.2160000e+003  3.8897268e+000
  1.2170000e+003  3.9443972e+000
  1.2180000e+003  3.9988607e+000
  1.2190000e+003  4.0527179e+000
  1.2200000e+003  4.1055983e+000
  1.2210000e+003  4.1571644e+000
  1.2220000e+003  4.2071150e+000
  1.2230000e+003  4.2551868e+000
  1.2240000e+003  4.3011563e+000
  1.2250000e+003  4.3448401e+000
  1.2260000e+003  4.3860944e+000
  1.2270000e+003  4.4248141e+000
  1.2280000e+003  4.4609311e+000
  1.2290000e+003  4.4944114e+000
  1.2300000e+003  4.5252532e+000
  1.2310000e+003  4.5534829e+000
  1.2320000e+003  4.5791524e+000
  1.2330000e+003  4.6023350e+000
  1.2340000e+003  4.6231227e+000
  1.2350000e+003  4.6416220e+000
  1.2360000e+003  4.6579510e+000
  1.2370000e+003  4.6722364e+000
  1.2380000e+003  4.6846106e+000
  1.2390000e+003  4.6952089e+000
  1.2400000e+003  4.7041676e+000
  1.2410000e+003  4.7116219e+000
  1.2420000e+003  4.7177044e+000
  1.2430000e+003  4.7225434e+000
  1.2440000e+003  4.7262622e+000
  1.2450000e+003  4.7289783e+000
  1.2460000e+003  4.7308023e+000
  1.2470000e+003  4.7318383e+000
  1.2480000e+003  4.7321829e+000
  1.2490000e+003  4.7319256e+000
  1.2500000e+003  4.7311486e+000
  1.2510000e+003  4.7299274e+000
  1.2520000e+003  4.7283303e+000
  1.2530000e+003  4.7264193e+000
  1.2540000e+003  4.7242501e+000
  1.2550000e+003  4.7218726e+000
  1.2560000e+003  4.7193312e+000
  1.2570000e+003  4.7166649e+000
  1.2580000e+003  4.7139084e+000
  1.2590000e+003  4.7110916e+000
  1.2600000e+003  4.7082404e+000
  1.2610000e+003  4.7053770e+000
  1.2620000e+003  4.7025202e+000
  1.2630000e+003  4.6996855e+000
  1.2640000e+003  4.6968856e+000
  1.2650000e+003  4.6941308e+000
  1.2660000e+003  4.6914288e+000
  1.2670000e+003  4.6887854e+000
  1.2680000e+003  4.6862046e+000
  1.2690000e+003  4.6836886e+000
  1.2700000e+003  4.6812382e+000
  1.2710000e+003  4.6788534e+000
  1.2720000e+003  4.6765326e+000
  1.2730000e+003  4.6742740e+000
  1.2740000e+003  4.6720747e+000
  1.2750000e+003  4.6699317e+000
  1.2760000e+003  4.6678416e+000
  1.2770000e+003  4.6658008e+000
  1.2780000e+003  4.6638058e+000
  1.2790000e+003  4.6618531e+000
  1.2800000e+003  4.6599395e+000
  1.2810000e+003  4.6580621e+000
  1.2820000e+003  4.6562183e+000
  1.2830000e+003  4.6544059e+000
  1.2840000e+003  4.6526233e+000
  1.2850000e+003  4.6508692e+000
  1.2860000e+003  4.6491428e+000
  1.2870000e+003  4.6474438e+000
  1.2880000e+003  4.6457724e+000
  1.2890000e+003  4.6441290e+000
  1.2900000e+003  4.6425145e+000
  1.2910000e+003  4.6409300e+000
  1.2920000e+003  4.6393769e+000
  1.2930000e+003  4.6378568e+000
  1.2940000e+003  4.6363714e+000
  1.2950000e+003  4.6349223e+000
  1.2960000e+003  4.6335115e+000
  1.2970000e+003  4.6321404e+000
  1.2980000e+003  4.6308107e+000
  1.2990000e+003  4.6295237e+000
  1.3000000e+003  4.6282806e+000
  1.3010000e+003  4.6270823e+000
  1.3020000e+003  4.6259294e+000
  1.3030000e+003  4.6248223e+000
  1.3040000e+003  4.6237610e+000
  1.3050000e+003  4.6227451e+000
  1.3060000e+003  4.6217739e+000
  1.3070000e+003  4.6208464e+000
  1.3080000e+003  4.6199613e+000
  1.3090000e+003  4.6191169e+000
  1.3100000e+003  4.6183113e+000
  1.3110000e+003  4.6175423e+000
  1.3120000e+003  4.6168075e+000
  1.3130000e+003  4.6161043e+000
  1.3140000e+003  4.6154301e+000
  1.3150000e+003  4.6147821e+000
  1.3160000e+003  4.6141576e+000
  1.3170000e+003  4.6135539e+000
  1.3180000e+003  4.6129682e+000
  1.3190000e+003  4.6123983e+000
  1.3200000e+003  4.6118417e+000
  1.3210000e+003  4.6112964e+000
  1.3220000e+003  4.6107605e+000
  1.3230000e+003  4.6102326e+000
  1.3240000e+003  4.6097114e+000
  1.3250000e+003  4.6091958e+000
  1.3260000e+003  4.6086853e+000
  1.3270000e+003  4.6081793e+000
  1.3280000e+003  4.6076775e+000
  1.3290000e+003  4.6071800e+000
  1.3300000e+003  4.6066868e+000
  1.3310000e+003  4.6061980e+000
  1.3320000e+003  4.6057137e+000
  1.3330000e+003  4.6052341e+000
  1.3340000e+003  4.6047592e+000
  1.3350000e+003  4.6042889e+000
  1.3360000e+003  4.6038230e+000
  1.3370000e+003  4.6033610e+000
  1.3380000e+003  4.6029025e+000
  1.3390000e+003  4.6024467e+000
  1.3400000e+003  4.6019927e+000
  1.3410000e+003  4.6015396e+000
  1.3420000e+003  4.6010863e+000
  1.3430000e+003  4.6006319e+000
  1.3440000e+003  4.6001755e+000
  1.3450000e+003  4.5997164e+000
  1.3460000e+003  4.5992541e+000
  1.3470000e+003  4.5987886e+000
  1.3480000e+003  4.5983201e+000
  1.3490000e+003  4.5978494e+000
  1.3500000e+003  4.5973776e+000
  1.3510000e+003  4.5969066e+000
  1.3520000e+003  4.5964384e+000
  1.3530000e+003  4.5959759e+000
  1.3540000e+003  4.5955221e+000
  1.3550000e+003  4.5950804e+000
  1.3560000e+003  4.5946545e+000
  1.3570000e+003  4.5942480e+000
  1.3580000e+003  4.5938644e+000
  1.3590000e+003  4.5935071e+000
  1.3600000e+003  4.5931790e+000
  1.3610000e+003  4.5928821e+000
  1.3620000e+003  4.5926179e+000
  1.3630000e+003  4.5923868e+000
  1.3640000e+003  4.5921877e+000
  1.3650000e+003  4.5920188e+000
  1.3660000e+003  4.5918765e+000
  1.3670000e+003  4.5917558e+000
  1.3680000e+003  4.5916503e+000
  1.3690000e+003  4.5915523e+000
  1.3700000e+003  4.5914525e+000
  1.3710000e+003  4.5913407e+000
  1.3720000e+003  4.5912055e+000
  1.3730000e+003  4.5910347e+000
  1.3740000e+003  4.5908158e+000
  1.3750000e+003  4.5905359e+000
  1.3760000e+003  4.5901826e+000
  1.3770000e+003  4.5897437e+000
  1.3780000e+003  4.5892082e+000
  1.3790000e+003  4.5885663e+000
  1.3800000e+003  4.5878099e+000
  1.3810000e+003  4.5869331e+000
  1.3820000e+003  4.5859323e+000
  1.3830000e+003  4.5848065e+000
  1.3840000e+003  4.5835576e+000
  1.3850000e+003  4.5821907e+000
  1.3860000e+003  4.5807138e+000
  1.3870000e+003  4.5791384e+000
  1.3880000e+003  4.5774788e+000
  1.3890000e+003  4.5757524e+000
  1.3900000e+003  4.5739794e+000
  1.3910000e+003  4.5721823e+000
  1.3920000e+003  4.5703859e+000
  1.3930000e+003  4.5686164e+000
  1.3940000e+003  4.5669014e+000
  1.3950000e+003  4.5652689e+000
  1.3960000e+003  4.5637474e+000
  1.3970000e+003  4.5623646e+000
  1.3980000e+003  4.5611473e+000
  1.3990000e+003  4.5601207e+000
  1.4000000e+003  4.5593079e+000
  1.4010000e+003  4.5587295e+000
  1.4020000e+003  4.5584029e+000
  1.4030000e+003  4.5583423e+000
  1.4040000e+003  4.5585582e+000
  1.4050000e+003  4.5590571e+000
  1.4060000e+003  4.5598416e+000
  1.4070000e+003  4.5609100e+000
  1.4080000e+003  4.5622567e+000
  1.4090000e+003  4.5638722e+000
  1.4100000e+003  4.5657429e+000
  1.4110000e+003  4.5678519e+000
  1.4120000e+003  4.5701789e+000
  1.4130000e+003  4.5727008e+000
  1.4140000e+003  4.5753917e+000
  1.4150000e+003  4.5782237e+000
  1.4160000e+003  4.5811672e+000
  1.4170000e+003  4.5841912e+000
  1.4180000e+003  4.5872636e+000
  1.4190000e+003  4.5903520e+000
  1.4200000e+003  4.5934237e+000
  1.4210000e+003  4.5964463e+000
  1.4220000e+003  4.5993876e+000
  1.4230000e+003  4.6022163e+000
  1.4240000e+003  4.6049021e+000
  1.4250000e+003  4.6074158e+000
  1.4260000e+003  4.6097292e+000
  1.4270000e+003  4.6118161e+000
  1.4280000e+003  4.6136514e+000
  1.4290000e+003  4.6152117e+000
  1.4300000e+003  4.6164755e+000
  1.4310000e+003  4.6174230e+000
  1.4320000e+003  4.6180362e+000
  1.4330000e+003  4.6182992e+000
  1.4340000e+003  4.6181980e+000
  1.4350000e+003  4.6177212e+000
  1.4360000e+003  4.6168595e+000
  1.4370000e+003  4.6156062e+000
  1.4380000e+003  4.6139573e+000
  1.4390000e+003  4.6119121e+000
  1.4400000e+003  4.6094726e+000
  1.4410000e+003  4.6066448e+000
  1.4420000e+003  4.6034379e+000
  1.4430000e+003  4.5998652e+000
  1.4440000e+003  4.5959439e+000
  1.4450000e+003  4.5916955e+000
  1.4460000e+003  4.5871457e+000
  1.4470000e+003  4.5823246e+000
  1.4480000e+003  4.5772664e+000
  1.4490000e+003  4.5720094e+000
  1.4500000e+003  4.5665960e+000
  1.4510000e+003  4.5610718e+000
  1.4520000e+003  4.5554858e+000
  1.4530000e+003  4.5498898e+000
  1.4540000e+003  4.5443374e+000
  1.4550000e+003  4.5388837e+000
  1.4560000e+003  4.5335846e+000
  1.4570000e+003  4.5284956e+000
  1.4580000e+003  4.5236715e+000
  1.4590000e+003  4.5191651e+000
  1.4600000e+003  4.5150268e+000
  1.4610000e+003  4.5113032e+000
  1.4620000e+003  4.5080367e+000
  1.4630000e+003  4.5052647e+000
  1.4640000e+003  4.5030188e+000
  1.4650000e+003  4.5013243e+000
  1.4660000e+003  4.5001998e+000
  1.4670000e+003  4.4996567e+000
  1.4680000e+003  4.4996990e+000
  1.4690000e+003  4.5003234e+000
  1.4700000e+003  4.5015189e+000
  1.4710000e+003  4.5032676e+000
  1.4720000e+003  4.5055445e+000
  1.4730000e+003  4.5083182e+000
  1.4740000e+003  4.5115513e+000
  1.4750000e+003  4.5152012e+000
  1.4760000e+003  4.5192205e+000
  1.4770000e+003  4.5235584e+000
  1.4780000e+003  4.5281609e+000
  1.4790000e+003  4.5329722e+000
  1.4800000e+003  4.5379351e+000
  1.4810000e+003  4.5429925e+000
  1.4820000e+003  4.5480878e+000
  1.4830000e+003  4.5531660e+000
  1.4840000e+003  4.5581743e+000
  1.4850000e+003  4.5630630e+000
  1.4860000e+003  4.5677859e+000
  1.4870000e+003  4.5723014e+000
  1.4880000e+003  4.5765724e+000
  1.4890000e+003  4.5805668e+000
  1.4900000e+003  4.5842580e+000
  1.4910000e+003  4.5876252e+000
  1.4920000e+003  4.5906527e+000
  1.4930000e+003  4.5933310e+000
  1.4940000e+003  4.5956556e+000
  1.4950000e+003  4.5976277e+000
  1.4960000e+003  4.5992533e+000
  1.4970000e+003  4.6005433e+000
  1.4980000e+003  4.6015127e+000
  1.4990000e+003  4.6021805e+000
  1.5000000e+003  4.6025690e+000
  1.5010000e+003  4.6027033e+000
  1.5020000e+003  4.6026109e+000
  1.5030000e+003  4.6023208e+000
  1.5040000e+003  4.6018635e+000
  1.5050000e+003  4.6012700e+000
  1.5060000e+003  4.6005714e+000
  1.5070000e+003  4.5997986e+000
  1.5080000e+003  4.5989816e+000
  1.5090000e+003  4.5981493e+000
  1.5100000e+003  4.5973289e+000
  1.5110000e+003  4.5965457e+000
  1.5120000e+003  4.5958231e+000
  1.5130000e+003  4.5951818e+000
  1.5140000e+003  4.5946402e+000
  1.5150000e+003  4.5942141e+000
  1.5160000e+003  4.5939166e+000
  1.5170000e+003  4.5937580e+000
  1.5180000e+003  4.5937460e+000
  1.5190000e+003  4.5938860e+000
  1.5200000e+003  4.5941807e+000
  1.5210000e+003  4.5946303e+000
  1.5220000e+003  4.5952332e+000
  1.5230000e+003  4.5959855e+000
  1.5240000e+003  4.5968816e+000
  1.5250000e+003  4.5979142e+000
  1.5260000e+003  4.5990742e+000
  1.5270000e+003  4.6003514e+000
  1.5280000e+003  4.6017343e+000
  1.5290000e+003  4.6032100e+000
  1.5300000e+003  4.6047647e+000
  1.5310000e+003  4.6063834e+000
  1.5320000e+003  4.6080502e+000
  1.5330000e+003  4.6097481e+000
  1.5340000e+003  4.6114588e+000
  1.5350000e+003  4.6131632e+000
  1.5360000e+003  4.6148407e+000
  1.5370000e+003  4.6164696e+000
  1.5380000e+003  4.6180266e+000
  1.5390000e+003  4.6194871e+000
  1.5400000e+003  4.6208248e+000
  1.5410000e+003  4.6220118e+000
  1.5420000e+003  4.6230186e+000
  1.5430000e+003  4.6238139e+000
  1.5440000e+003  4.6243649e+000
  1.5450000e+003  4.6246374e+000
  1.5460000e+003  4.6245955e+000
  1.5470000e+003  4.6242027e+000
  1.5480000e+003  4.6234211e+000
  1.5490000e+003  4.6222129e+000
  1.5500000e+003  4.6205401e+000
  1.5510000e+003  4.6183653e+000
  1.5520000e+003  4.6156523e+000
  1.5530000e+003  4.6123667e+000
  1.5540000e+003  4.6084768e+000
  1.5550000e+003  4.6039542e+000
  1.5560000e+003  4.5987747e+000
  1.5570000e+003  4.5929194e+000
  1.5580000e+003  4.5863750e+000
  1.5590000e+003  4.5791352e+000
  1.5600000e+003  4.5712009e+000
  1.5610000e+003  4.5625817e+000
  1.5620000e+003  4.5532958e+000
  1.5630000e+003  4.5433710e+000
  1.5640000e+003  4.5328448e+000
  1.5650000e+003  4.5217650e+000
  1.5660000e+003  4.5101895e+000
  1.5670000e+003  4.4981861e+000
  1.5680000e+003  4.4858327e+000
  1.5690000e+003  4.4732162e+000
  1.5700000e+003  4.4604321e+000
  1.5710000e+003  4.4475834e+000
  1.5720000e+003  4.4347797e+000
  1.5730000e+003  4.4221355e+000
  1.5740000e+003  4.4097690e+000
  1.5750000e+003  4.3978005e+000
  1.5760000e+003  4.3863504e+000
  1.5770000e+003  4.3755375e+000
  1.5780000e+003  4.3654773e+000
  1.5790000e+003  4.3562797e+000
  1.5800000e+003  4.3480476e+000
  1.5810000e+003  4.3408751e+000
  1.5820000e+003  4.3348456e+000
  1.5830000e+003  4.3300305e+000
  1.5840000e+003  4.3264881e+000
  1.5850000e+003  4.3242622e+000
  1.5860000e+003  4.3233815e+000
  1.5870000e+003  4.3238592e+000
  1.5880000e+003  4.3256924e+000
  1.5890000e+003  4.3288623e+000
  1.5900000e+003  4.3333349e+000
  1.5910000e+003  4.3390608e+000
  1.5920000e+003  4.3459769e+000
  1.5930000e+003  4.3540068e+000
  1.5940000e+003  4.3630629e+000
  1.5950000e+003  4.3730471e+000
  1.5960000e+003  4.3838529e+000
  1.5970000e+003  4.3953674e+000
  1.5980000e+003  4.4074727e+000
  1.5990000e+003  4.4200478e+000
  1.6000000e+003  4.4329709e+000
  1.6010000e+003  4.4461208e+000
  1.6020000e+003  4.4593789e+000
  1.6030000e+003  4.4726307e+000
  1.6040000e+003  4.4857672e+000
  1.6050000e+003  4.4986866e+000
  1.6060000e+003  4.5112947e+000
  1.6070000e+003  4.5235066e+000
  1.6080000e+003  4.5352468e+000
  1.6090000e+003  4.5464500e+000
  1.6100000e+003  4.5570612e+000
  1.6110000e+003  4.5670361e+000
  1.6120000e+003  4.5763405e+000
  1.6130000e+003  4.5849503e+000
  1.6140000e+003  4.5928510e+000
  1.6150000e+003  4.6000370e+000
  1.6160000e+003  4.6065112e+000
  1.6170000e+003  4.6122838e+000
  1.6180000e+003  4.6173720e+000
  1.6190000e+003  4.6217985e+000
  1.6200000e+003  4.6255910e+000
  1.6210000e+003  4.6287815e+000
  1.6220000e+003  4.6314048e+000
  1.6230000e+003  4.6334982e+000
  1.6240000e+003  4.6351007e+000
  1.6250000e+003  4.6362521e+000
  1.6260000e+003  4.6369925e+000
  1.6270000e+003  4.6373616e+000
  1.6280000e+003  4.6373987e+000
  1.6290000e+003  4.6371415e+000
  1.6300000e+003  4.6366268e+000
  1.6310000e+003  4.6358893e+000
  1.6320000e+003  4.6349622e+000
  1.6330000e+003  4.6338766e+000
  1.6340000e+003  4.6326617e+000
  1.6350000e+003  4.6313449e+000
  1.6360000e+003  4.6299513e+000
  1.6370000e+003  4.6285045e+000
  1.6380000e+003  4.6270260e+000
  1.6390000e+003  4.6255357e+000
  1.6400000e+003  4.6240517e+000
  1.6410000e+003  4.6225907e+000
  1.6420000e+003  4.6211676e+000
  1.6430000e+003  4.6197958e+000
  1.6440000e+003  4.6184871e+000
  1.6450000e+003  4.6172519e+000
  1.6460000e+003  4.6160989e+000
  1.6470000e+003  4.6150350e+000
  1.6480000e+003  4.6140656e+000
  1.6490000e+003  4.6131940e+000
  1.6500000e+003  4.6124216e+000
  1.6510000e+003  4.6117480e+000
  1.6520000e+003  4.6111702e+000
  1.6530000e+003  4.6106833e+000
  1.6540000e+003  4.6102801e+000
  1.6550000e+003  4.6099508e+000
  1.6560000e+003  4.6096834e+000
  1.6570000e+003  4.6094637e+000
  1.6580000e+003  4.6092750e+000
  1.6590000e+003  4.6090987e+000
  1.6600000e+003  4.6089143e+000
  1.6610000e+003  4.6086996e+000
  1.6620000e+003  4.6084309e+000
  1.6630000e+003  4.6080835e+000
  1.6640000e+003  4.6076323e+000
  1.6650000e+003  4.6070519e+000
  1.6660000e+003  4.6063170e+000
  1.6670000e+003  4.6054036e+000
  1.6680000e+003  4.6042886e+000
  1.6690000e+003  4.6029511e+000
  1.6700000e+003  4.6013727e+000
  1.6710000e+003  4.5995378e+000
  1.6720000e+003  4.5974345e+000
  1.6730000e+003  4.5950549e+000
  1.6740000e+003  4.5923954e+000
  1.6750000e+003  4.5894571e+000
  1.6760000e+003  4.5862463e+000
  1.6770000e+003  4.5827741e+000
  1.6780000e+003  4.5790572e+000
  1.6790000e+003  4.5751175e+000
  1.6800000e+003  4.5709816e+000
  1.6810000e+003  4.5666814e+000
  1.6820000e+003  4.5622529e+000
  1.6830000e+003  4.5577363e+000
  1.6840000e+003  4.5531750e+000
  1.6850000e+003  4.5486155e+000
  1.6860000e+003  4.5441061e+000
  1.6870000e+003  4.5396964e+000
  1.6880000e+003  4.5354364e+000
  1.6890000e+003  4.5313756e+000
  1.6900000e+003  4.5275624e+000
  1.6910000e+003  4.5240428e+000
  1.6920000e+003  4.5208597e+000
  1.6930000e+003  4.5180523e+000
  1.6940000e+003  4.5156554e+000
  1.6950000e+003  4.5136984e+000
  1.6960000e+003  4.5122050e+000
  1.6970000e+003  4.5111927e+000
  1.6980000e+003  4.5106728e+000
  1.6990000e+003  4.5106495e+000
  1.7000000e+003  4.5111206e+000
  1.7010000e+003  4.5120771e+000
  1.7020000e+003  4.5135034e+000
  1.7030000e+003  4.5153778e+000
  1.7040000e+003  4.5176727e+000
  1.7050000e+003  4.5203555e+000
  1.7060000e+003  4.5233886e+000
  1.7070000e+003  4.5267306e+000
  1.7080000e+003  4.5303367e+000
  1.7090000e+003  4.5341597e+000
  1.7100000e+003  4.5381507e+000
  1.7110000e+003  4.5422598e+000
  1.7120000e+003  4.5464370e+000
  1.7130000e+003  4.5506330e+000
  1.7140000e+003  4.5547998e+000
  1.7150000e+003  4.5588913e+000
  1.7160000e+003  4.5628644e+000
  1.7170000e+003  4.5666787e+000
  1.7180000e+003  4.5702977e+000
  1.7190000e+003  4.5736890e+000
  1.7200000e+003  4.5768242e+000
  1.7210000e+003  4.5796797e+000
  1.7220000e+003  4.5822364e+000
  1.7230000e+003  4.5844800e+000
  1.7240000e+003  4.5864009e+000
  1.7250000e+003  4.5879940e+000
  1.7260000e+003  4.5892590e+000
  1.7270000e+003  4.5901996e+000
  1.7280000e+003  4.5908237e+000
  1.7290000e+003  4.5911431e+000
  1.7300000e+003  4.5911729e+000
  1.7310000e+003  4.5909316e+000
  1.7320000e+003  4.5904402e+000
  1.7330000e+003  4.5897224e+000
  1.7340000e+003  4.5888037e+000
  1.7350000e+003  4.5877113e+000
  1.7360000e+003  4.5864738e+000
  1.7370000e+003  4.5851204e+000
  1.7380000e+003  4.5836808e+000
  1.7390000e+003  4.5821848e+000
  1.7400000e+003  4.5806615e+000
  1.7410000e+003  4.5791397e+000
  1.7420000e+003  4.5776467e+000
  1.7430000e+003  4.5762085e+000
  1.7440000e+003  4.5748494e+000
  1.7450000e+003  4.5735913e+000
  1.7460000e+003  4.5724540e+000
  1.7470000e+003  4.5714547e+000
  1.7480000e+003  4.5706080e+000
  1.7490000e+003  4.5699252e+000
  1.7500000e+003  4.5694152e+000
  1.7510000e+003  4.5690835e+000
  1.7520000e+003  4.5689328e+000
  1.7530000e+003  4.5689627e+000
  1.7540000e+003  4.5691704e+000
  1.7550000e+003  4.5695501e+000
  1.7560000e+003  4.5700938e+000
  1.7570000e+003  4.5707913e+000
  1.7580000e+003  4.5716304e+000
  1.7590000e+003  4.5725976e+000
  1.7600000e+003  4.5736780e+000
  1.7610000e+003  4.5748560e+000
  1.7620000e+003  4.5761152e+000
  1.7630000e+003  4.5774393e+000
  1.7640000e+003  4.5788122e+000
  1.7650000e+003  4.5802181e+000
  1.7660000e+003  4.5816420e+000
  1.7670000e+003  4.5830702e+000
  1.7680000e+003  4.5844901e+000
  1.7690000e+003  4.5858904e+000
  1.7700000e+003  4.5872617e+000
  1.7710000e+003  4.5885960e+000
  1.7720000e+003  4.5898872e+000
  1.7730000e+003  4.5911308e+000
  1.7740000e+003  4.5923238e+000
  1.7750000e+003  4.5934651e+000
  1.7760000e+003  4.5945548e+000
  1.7770000e+003  4.5955943e+000
  1.7780000e+003  4.5965862e+000
  1.7790000e+003  4.5975338e+000
  1.7800000e+003  4.5984413e+000
  1.7810000e+003  4.5993134e+000
  1.7820000e+003  4.6001549e+000
  1.7830000e+003  4.6009710e+000
  1.7840000e+003  4.6017667e+000
  1.7850000e+003  4.6025466e+000
  1.7860000e+003  4.6033153e+000
  1.7870000e+003  4.6040768e+000
  1.7880000e+003  4.6048345e+000
  1.7890000e+003  4.6055913e+000
  1.7900000e+003  4.6063496e+000
  1.7910000e+003  4.6071112e+000
  1.7920000e+003  4.6078774e+000
  1.7930000e+003  4.6086489e+000
  1.7940000e+003  4.6094261e+000
  1.7950000e+003  4.6102092e+000
  1.7960000e+003  4.6109979e+000
  1.7970000e+003  4.6117921e+000
  1.7980000e+003  4.6125914e+000
  1.7990000e+003  4.6133956e+000
  1.8000000e+003  4.6142046e+000
  1.8010000e+003  4.6150186e+000
  1.8020000e+003  4.6158379e+000
  1.8030000e+003  4.6166633e+000
  1.8040000e+003  4.6174959e+000
  1.8050000e+003  4.6183370e+000
  1.8060000e+003  4.6191885e+000
  1.8070000e+003  4.6200524e+000
  1.8080000e+003  4.6209311e+000
  1.8090000e+003  4.6218271e+000
  1.8100000e+003  4.6227434e+000
  1.8110000e+003  4.6236828e+000
  1.8120000e+003  4.6246484e+000
  1.8130000e+003  4.6256430e+000
  1.8140000e+003  4.6266697e+000
  1.8150000e+003  4.6277312e+000
  1.8160000e+003  4.6288302e+000
  1.8170000e+003  4.6299690e+000
  1.8180000e+003  4.6311498e+000
  1.8190000e+003  4.6323744e+000
  1.8200000e+003  4.6336444e+000
  1.8210000e+003  4.6349611e+000
  1.8220000e+003  4.6363255e+000
  1.8230000e+003  4.6377383e+000
  1.8240000e+003  4.6392000e+000
  1.8250000e+003  4.6407109e+000
  1.8260000e+003  4.6422712e+000
  1.8270000e+003  4.6438809e+000
  1.8280000e+003  4.6455398e+000
  1.8290000e+003  4.6472478e+000
  1.8300000e+003  4.6490048e+000
  1.8310000e+003  4.6508104e+000
  1.8320000e+003  4.6526643e+000
  1.8330000e+003  4.6545660e+000
  1.8340000e+003  4.6565149e+000
  1.8350000e+003  4.6585102e+000
  1.8360000e+003  4.6605506e+000
  1.8370000e+003  4.6626343e+000
  1.8380000e+003  4.6647588e+000
  1.8390000e+003  4.6669208e+000
  1.8400000e+003  4.6691158e+000
  1.8410000e+003  4.6713378e+000
  1.8420000e+003  4.6735791e+000
  1.8430000e+003  4.6758302e+000
  1.8440000e+003  4.6780789e+000
  1.8450000e+003  4.6803105e+000
  1.8460000e+003  4.6825071e+000
  1.8470000e+003  4.6846474e+000
  1.8480000e+003  4.6867062e+000
  1.8490000e+003  4.6886541e+000
  1.8500000e+003  4.6904570e+000
  1.8510000e+003  4.6920761e+000
  1.8520000e+003  4.6934672e+000
  1.8530000e+003  4.6945806e+000
  1.8540000e+003  4.6953610e+000
  1.8550000e+003  4.6957471e+000
  1.8560000e+003  4.6956718e+000
  1.8570000e+003  4.6950621e+000
  1.8580000e+003  4.6938391e+000
  1.8590000e+003  4.6919184e+000
  1.8600000e+003  4.6892107e+000
  1.8610000e+003  4.6856217e+000
  1.8620000e+003  4.6810536e+000
  1.8630000e+003  4.6754052e+000
  1.8640000e+003  4.6685737e+000
  1.8650000e+003  4.6604554e+000
  1.8660000e+003  4.6509476e+000
  1.8670000e+003  4.6399498e+000
  1.8680000e+003  4.6273662e+000
  1.8690000e+003  4.6131071e+000
  1.8700000e+003  4.5970914e+000
  1.8710000e+003  4.5792491e+000
  1.8720000e+003  4.5595235e+000
  1.8730000e+003  4.5378735e+000
  1.8740000e+003  4.5142764e+000
  1.8750000e+003  4.4887301e+000
  1.8760000e+003  4.4612554e+000
  1.8770000e+003  4.4318976e+000
  1.8780000e+003  4.4007290e+000
  1.8790000e+003  4.3678497e+000
  1.8800000e+003  4.3333884e+000
  1.8810000e+003  4.2975033e+000
  1.8820000e+003  4.2603817e+000
  1.8830000e+003  4.2222392e+000
  1.8840000e+003  4.1833186e+000
  1.8850000e+003  4.1438877e+000
  1.8860000e+003  4.1042369e+000
  1.8870000e+003  4.0646759e+000
  1.8880000e+003  4.0255301e+000
  1.8890000e+003  3.9871362e+000
  1.8900000e+003  3.9498379e+000
  1.8910000e+003  3.9139809e+000
  1.8920000e+003  3.8799076e+000
  1.8930000e+003  3.8479521e+000
  1.8940000e+003  3.8184353e+000
  1.8950000e+003  3.7916592e+000
  1.8960000e+003  3.7679025e+000
  1.8970000e+003  3.7474161e+000
  1.8980000e+003  3.7304189e+000
  1.8990000e+003  3.7170943e+000
  1.9000000e+003  3.7075873e+000
  1.9010000e+003  3.7020017e+000
  1.9020000e+003  3.7003992e+000
  1.9030000e+003  3.7027975e+000
  1.9040000e+003  3.7091706e+000
  1.9050000e+003  3.7194492e+000
  1.9060000e+003  3.7335216e+000
  1.9070000e+003  3.7512358e+000
  1.9080000e+003  3.7724021e+000
  1.9090000e+003  3.7967957e+000
  1.9100000e+003  3.8241608e+000
  1.9110000e+003  3.8542149e+000
  1.9120000e+003  3.8866528e+000
  1.9130000e+003  3.9211519e+000
  1.9140000e+003  3.9573768e+000
  1.9150000e+003  3.9949851e+000
  1.9160000e+003  4.0336317e+000
  1.9170000e+003  4.0729746e+000
  1.9180000e+003  4.1126791e+000
  1.9190000e+003  4.1524227e+000
  1.9200000e+003  4.1918989e+000
  1.9210000e+003  4.2308210e+000
  1.9220000e+003  4.2689249e+000
  1.9230000e+003  4.3059718e+000
  1.9240000e+003  4.3417502e+000
  1.9250000e+003  4.3760767e+000
  1.9260000e+003  4.4087969e+000
  1.9270000e+003  4.4397857e+000
  1.9280000e+003  4.4689463e+000
  1.9290000e+003  4.4962098e+000
  1.9300000e+003  4.5215333e+000
  1.9310000e+003  4.5448986e+000
  1.9320000e+003  4.5663099e+000
  1.9330000e+003  4.5857916e+000
  1.9340000e+003  4.6033862e+000
  1.9350000e+003  4.6191515e+000
  1.9360000e+003  4.6331583e+000
  1.9370000e+003  4.6454881e+000
  1.9380000e+003  4.6562308e+000
  1.9390000e+003  4.6654822e+000
  1.9400000e+003  4.6733425e+000
  1.9410000e+003  4.6799139e+000
  1.9420000e+003  4.6852995e+000
  1.9430000e+003  4.6896016e+000
  1.9440000e+003  4.6929202e+000
  1.9450000e+003  4.6953526e+000
  1.9460000e+003  4.6969919e+000
  1.9470000e+003  4.6979268e+000
  1.9480000e+003  4.6982407e+000
  1.9490000e+003  4.6980118e+000
  1.9500000e+003  4.6973125e+000
  1.9510000e+003  4.6962093e+000
  1.9520000e+003  4.6947630e+000
  1.9530000e+003  4.6930289e+000
  1.9540000e+003  4.6910565e+000
  1.9550000e+003  4.6888900e+000
  1.9560000e+003  4.6865685e+000
  1.9570000e+003  4.6841266e+000
  1.9580000e+003  4.6815941e+000
  1.9590000e+003  4.6789968e+000
  1.9600000e+003  4.6763569e+000
  1.9610000e+003  4.6736930e+000
  1.9620000e+003  4.6710209e+000
  1.9630000e+003  4.6683535e+000
  1.9640000e+003  4.6657014e+000
  1.9650000e+003  4.6630733e+000
  1.9660000e+003  4.6604760e+000
  1.9670000e+003  4.6579151e+000
  1.9680000e+003  4.6553948e+000
  1.9690000e+003  4.6529184e+000
  1.9700000e+003  4.6504887e+000
  1.9710000e+003  4.6481077e+000
  1.9720000e+003  4.6457772e+000
  1.9730000e+003  4.6434986e+000
  1.9740000e+003  4.6412732e+000
  1.9750000e+003  4.6391023e+000
  1.9760000e+003  4.6369871e+000
  1.9770000e+003  4.6349288e+000
  1.9780000e+003  4.6329286e+000
  1.9790000e+003  4.6309878e+000
  1.9800000e+003  4.6291077e+000
  1.9810000e+003  4.6272894e+000
  1.9820000e+003  4.6255341e+000
  1.9830000e+003  4.6238426e+000
  1.9840000e+003  4.6222159e+000
  1.9850000e+003  4.6206543e+000
  1.9860000e+003  4.6191583e+000
  1.9870000e+003  4.6177277e+000
  1.9880000e+003  4.6163621e+000
  1.9890000e+003  4.6150607e+000
  1.9900000e+003  4.6138222e+000
  1.9910000e+003  4.6126451e+000
  1.9920000e+003  4.6115271e+000
  1.9930000e+003  4.6104660e+000
  1.9940000e+003  4.6094588e+000
  1.9950000e+003  4.6085023e+000
  1.9960000e+003  4.6075930e+000
  1.9970000e+003  4.6067272e+000
  1.9980000e+003  4.6059009e+000
  1.9990000e+003  4.6051098e+000
  2.0000000e+003  4.6043498e+000
  2.0010000e+003  4.6036165e+000
  2.0020000e+003  4.6029054e+000
  2.0030000e+003  4.6022125e+000
  2.0040000e+003  4.6015333e+000
  2.0050000e+003  4.6008638e+000
  2.0060000e+003  4.6002000e+000
  2.0070000e+003  4.5995384e+000
  2.0080000e+003  4.5988753e+000
  2.0090000e+003  4.5982076e+000
  2.0100000e+003  4.5975325e+000
  2.0110000e+003  4.5968474e+000
  2.0120000e+003  4.5961503e+000
  2.0130000e+003  4.5954394e+000
  2.0140000e+003  4.5947134e+000
  2.0150000e+003  4.5939717e+000
  2.0160000e+003  4.5932140e+000
  2.0170000e+003  4.5924408e+000
  2.0180000e+003  4.5916529e+000
  2.0190000e+003  4.5908522e+000
  2.0200000e+003  4.5900409e+000
  2.0210000e+003  4.5892220e+000
  2.0220000e+003  4.5883992e+000
  2.0230000e+003  4.5875771e+000
  2.0240000e+003  4.5867606e+000
  2.0250000e+003  4.5859556e+000
  2.0260000e+003  4.5851684e+000
  2.0270000e+003  4.5844057e+000
  2.0280000e+003  4.5836747e+000
  2.0290000e+003  4.5829829e+000
  2.0300000e+003  4.5823377e+000
  2.0310000e+003  4.5817466e+000
  2.0320000e+003  4.5812167e+000
  2.0330000e+003  4.5807547e+000
  2.0340000e+003  4.5803665e+000
  2.0350000e+003  4.5800570e+000
  2.0360000e+003  4.5798301e+000
  2.0370000e+003  4.5796883e+000
  2.0380000e+003  4.5796325e+000
  2.0390000e+003  4.5796617e+000
  2.0400000e+003  4.5797732e+000
  2.0410000e+003  4.5799622e+000
  2.0420000e+003  4.5802219e+000
  2.0430000e+003  4.5805431e+000
  2.0440000e+003  4.5809149e+000
  2.0450000e+003  4.5813240e+000
  2.0460000e+003  4.5817553e+000
  2.0470000e+003  4.5821923e+000
  2.0480000e+003  4.5826165e+000
  2.0490000e+003  4.5830087e+000
  2.0500000e+003  4.5833485e+000
  2.0510000e+003  4.5836153e+000
  2.0520000e+003  4.5837883e+000
  2.0530000e+003  4.5838471e+000
  2.0540000e+003  4.5837722e+000
  2.0550000e+003  4.5835455e+000
  2.0560000e+003  4.5831505e+000
  2.0570000e+003  4.5825732e+000
  2.0580000e+003  4.5818020e+000
  2.0590000e+003  4.5808286e+000
  2.0600000e+003  4.5796479e+000
  2.0610000e+003  4.5782586e+000
  2.0620000e+003  4.5766633e+000
  2.0630000e+003  4.5748685e+000
  2.0640000e+003  4.5728849e+000
  2.0650000e+003  4.5707275e+000
  2.0660000e+003  4.5684149e+000
  2.0670000e+003  4.5659697e+000
  2.0680000e+003  4.5634181e+000
  2.0690000e+003  4.5607891e+000
  2.0700000e+003  4.5581147e+000
  2.0710000e+003  4.5554290e+000
  2.0720000e+003  4.5527678e+000
  2.0730000e+003  4.5501679e+000
  2.0740000e+003  4.5476663e+000
  2.0750000e+003  4.5453001e+000
  2.0760000e+003  4.5431050e+000
  2.0770000e+003  4.5411154e+000
  2.0780000e+003  4.5393634e+000
  2.0790000e+003  4.5378783e+000
  2.0800000e+003  4.5366859e+000
  2.0810000e+003  4.5358084e+000
  2.0820000e+003  4.5352635e+000
  2.0830000e+003  4.5350646e+000
  2.0840000e+003  4.5352203e+000
  2.0850000e+003  4.5357342e+000
  2.0860000e+003  4.5366051e+000
  2.0870000e+003  4.5378272e+000
  2.0880000e+003  4.5393898e+000
  2.0890000e+003  4.5412780e+000
  2.0900000e+003  4.5434730e+000
  2.0910000e+003  4.5459523e+000
  2.0920000e+003  4.5486903e+000
  2.0930000e+003  4.5516591e+000
  2.0940000e+003  4.5548287e+000
  2.0950000e+003  4.5581675e+000
  2.0960000e+003  4.5616437e+000
  2.0970000e+003  4.5652247e+000
  2.0980000e+003  4.5688787e+000
  2.0990000e+003  4.5725747e+000
  2.1000000e+003  4.5762832e+000
  2.1010000e+003  4.5799764e+000
  2.1020000e+003  4.5836287e+000
  2.1030000e+003  4.5872173e+000
  2.1040000e+003  4.5907217e+000
  2.1050000e+003  4.5941247e+000
  2.1060000e+003  4.5974118e+000
  2.1070000e+003  4.6005715e+000
  2.1080000e+003  4.6035951e+000
  2.1090000e+003  4.6064765e+000
  2.1100000e+003  4.6092124e+000
  2.1110000e+003  4.6118013e+000
  2.1120000e+003  4.6142438e+000
  2.1130000e+003  4.6165419e+000
  2.1140000e+003  4.6186988e+000
  2.1150000e+003  4.6207182e+000
  2.1160000e+003  4.6226043e+000
  2.1170000e+003  4.6243609e+000
  2.1180000e+003  4.6259913e+000
  2.1190000e+003  4.6274979e+000
  2.1200000e+003  4.6288815e+000
  2.1210000e+003  4.6301415e+000
  2.1220000e+003  4.6312750e+000
  2.1230000e+003  4.6322769e+000
  2.1240000e+003  4.6331399e+000
  2.1250000e+003  4.6338538e+000
  2.1260000e+003  4.6344059e+000
  2.1270000e+003  4.6347810e+000
  2.1280000e+003  4.6349612e+000
  2.1290000e+003  4.6349262e+000
  2.1300000e+003  4.6346537e+000
  2.1310000e+003  4.6341196e+000
  2.1320000e+003  4.6332981e+000
  2.1330000e+003  4.6321627e+000
  2.1340000e+003  4.6306863e+000
  2.1350000e+003  4.6288421e+000
  2.1360000e+003  4.6266038e+000
  2.1370000e+003  4.6239468e+000
  2.1380000e+003  4.6208485e+000
  2.1390000e+003  4.6172894e+000
  2.1400000e+003  4.6132534e+000
  2.1410000e+003  4.6087289e+000
  2.1420000e+003  4.6037094e+000
  2.1430000e+003  4.5981938e+000
  2.1440000e+003  4.5921877e+000
  2.1450000e+003  4.5857032e+000
  2.1460000e+003  4.5787596e+000
  2.1470000e+003  4.5713838e+000
  2.1480000e+003  4.5636103e+000
  2.1490000e+003  4.5554812e+000
  2.1500000e+003  4.5470461e+000
  2.1510000e+003  4.5383618e+000
  2.1520000e+003  4.5294921e+000
  2.1530000e+003  4.5205065e+000
  2.1540000e+003  4.5114803e+000
  2.1550000e+003  4.5024929e+000
  2.1560000e+003  4.4936274e+000
  2.1570000e+003  4.4849688e+000
  2.1580000e+003  4.4766034e+000
  2.1590000e+003  4.4686170e+000
  2.1600000e+003  4.4610936e+000
  2.1610000e+003  4.4541143e+000
  2.1620000e+003  4.4477555e+000
  2.1630000e+003  4.4420880e+000
  2.1640000e+003  4.4371757e+000
  2.1650000e+003  4.4330742e+000
  2.1660000e+003  4.4298301e+000
  2.1670000e+003  4.4274800e+000
  2.1680000e+003  4.4260502e+000
  2.1690000e+003  4.4255556e+000
  2.1700000e+003  4.4260002e+000
  2.1710000e+003  4.4273764e+000
  2.1720000e+003  4.4296656e+000
  2.1730000e+003  4.4328384e+000
  2.1740000e+003  4.4368551e+000
  2.1750000e+003  4.4416666e+000
  2.1760000e+003  4.4472153e+000
  2.1770000e+003  4.4534358e+000
  2.1780000e+003  4.4602564e+000
  2.1790000e+003  4.4676005e+000
  2.1800000e+003  4.4753873e+000
  2.1810000e+003  4.4835335e+000
  2.1820000e+003  4.4919548e+000
  2.1830000e+003  4.5005667e+000
  2.1840000e+003  4.5092862e+000
  2.1850000e+003  4.5180326e+000
  2.1860000e+003  4.5267288e+000
  2.1870000e+003  4.5353024e+000
  2.1880000e+003  4.5436859e+000
  2.1890000e+003  4.5518182e+000
  2.1900000e+003  4.5596444e+000
  2.1910000e+003  4.5671166e+000
  2.1920000e+003  4.5741943e+000
  2.1930000e+003  4.5808440e+000
  2.1940000e+003  4.5870395e+000
  2.1950000e+003  4.5927617e+000
  2.1960000e+003  4.5979982e+000
  2.1970000e+003  4.6027430e+000
  2.1980000e+003  4.6069963e+000
  2.1990000e+003  4.6107632e+000
  2.2000000e+003  4.6140540e+000
  2.2010000e+003  4.6168830e+000
  2.2020000e+003  4.6192680e+000
  2.2030000e+003  4.6212297e+000
  2.2040000e+003  4.6227906e+000
  2.2050000e+003  4.6239753e+000
  2.2060000e+003  4.6248086e+000
  2.2070000e+003  4.6253162e+000
  2.2080000e+003  4.6255230e+000
  2.2090000e+003  4.6254537e+000
  2.2100000e+003  4.6251314e+000
  2.2110000e+003  4.6245781e+000
  2.2120000e+003  4.6238138e+000
  2.2130000e+003  4.6228568e+000
  2.2140000e+003  4.6217231e+000
  2.2150000e+003  4.6204269e+000
  2.2160000e+003  4.6189800e+000
  2.2170000e+003  4.6173924e+000
  2.2180000e+003  4.6156723e+000
  2.2190000e+003  4.6138262e+000
  2.2200000e+003  4.6118593e+000
  2.2210000e+003  4.6097757e+000
  2.2220000e+003  4.6075789e+000
  2.2230000e+003  4.6052717e+000
  2.2240000e+003  4.6028574e+000
  2.2250000e+003  4.6003392e+000
  2.2260000e+003  4.5977213e+000
  2.2270000e+003  4.5950089e+000
  2.2280000e+003  4.5922085e+000
  2.2290000e+003  4.5893283e+000
  2.2300000e+003  4.5863782e+000
  2.2310000e+003  4.5833703e+000
  2.2320000e+003  4.5803186e+000
  2.2330000e+003  4.5772394e+000
  2.2340000e+003  4.5741509e+000
  2.2350000e+003  4.5710734e+000
  2.2360000e+003  4.5680287e+000
  2.2370000e+003  4.5650405e+000
  2.2380000e+003  4.5621332e+000
  2.2390000e+003  4.5593322e+000
  2.2400000e+003  4.5566633e+000
  2.2410000e+003  4.5541519e+000
  2.2420000e+003  4.5518230e+000
  2.2430000e+003  4.5497003e+000
  2.2440000e+003  4.5478057e+000
  2.2450000e+003  4.5461592e+000
  2.2460000e+003  4.5447779e+000
  2.2470000e+003  4.5436759e+000
  2.2480000e+003  4.5428637e+000
  2.2490000e+003  4.5423484e+000
  2.2500000e+003  4.5421327e+000
  2.2510000e+003  4.5422154e+000
  2.2520000e+003  4.5425911e+000
  2.2530000e+003  4.5432504e+000
  2.2540000e+003  4.5441796e+000
  2.2550000e+003  4.5453618e+000
  2.2560000e+003  4.5467763e+000
  2.2570000e+003  4.5483997e+000
  2.2580000e+003  4.5502059e+000
  2.2590000e+003  4.5521669e+000
  2.2600000e+003  4.5542535e+000
  2.2610000e+003  4.5564356e+000
  2.2620000e+003  4.5586829e+000
  2.2630000e+003  4.5609657e+000
  2.2640000e+003  4.5632552e+000
  2.2650000e+003  4.5655244e+000
  2.2660000e+003  4.5677482e+000
  2.2670000e+003  4.5699043e+000
  2.2680000e+003  4.5719729e+000
  2.2690000e+003  4.5739379e+000
  2.2700000e+003  4.5757861e+000
  2.2710000e+003  4.5775082e+000
  2.2720000e+003  4.5790980e+000
  2.2730000e+003  4.5805530e+000
  2.2740000e+003  4.5818739e+000
  2.2750000e+003  4.5830645e+000
  2.2760000e+003  4.5841312e+000
  2.2770000e+003  4.5850830e+000
  2.2780000e+003  4.5859308e+000
  2.2790000e+003  4.5866873e+000
  2.2800000e+003  4.5873661e+000
  2.2810000e+003  4.5879819e+000
  2.2820000e+003  4.5885494e+000
  2.2830000e+003  4.5890836e+000
  2.2840000e+003  4.5895986e+000
  2.2850000e+003  4.5901082e+000
  2.2860000e+003  4.5906248e+000
  2.2870000e+003  4.5911596e+000
  2.2880000e+003  4.5917224e+000
  2.2890000e+003  4.5923212e+000
  2.2900000e+003  4.5929623e+000
  2.2910000e+003  4.5936505e+000
  2.2920000e+003  4.5943886e+000
  2.2930000e+003  4.5951779e+000
  2.2940000e+003  4.5960183e+000
  2.2950000e+003  4.5969081e+000
  2.2960000e+003  4.5978446e+000
  2.2970000e+003  4.5988240e+000
  2.2980000e+003  4.5998417e+000
  2.2990000e+003  4.6008925e+000
  2.3000000e+003  4.6019711e+000
  2.3010000e+003  4.6030717e+000
  2.3020000e+003  4.6041886e+000
  2.3030000e+003  4.6053166e+000
  2.3040000e+003  4.6064507e+000
  2.3050000e+003  4.6075862e+000
  2.3060000e+003  4.6087194e+000
  2.3070000e+003  4.6098471e+000
  2.3080000e+003  4.6109670e+000
  2.3090000e+003  4.6120775e+000
  2.3100000e+003  4.6131778e+000
  2.3110000e+003  4.6142679e+000
  2.3120000e+003  4.6153487e+000
  2.3130000e+003  4.6164218e+000
  2.3140000e+003  4.6174892e+000
  2.3150000e+003  4.6185539e+000
  2.3160000e+003  4.6196189e+000
  2.3170000e+003  4.6206881e+000
  2.3180000e+003  4.6217654e+000
  2.3190000e+003  4.6228551e+000
  2.3200000e+003  4.6239615e+000
  2.3210000e+003  4.6250892e+000
  2.3220000e+003  4.6262427e+000
  2.3230000e+003  4.6274263e+000
  2.3240000e+003  4.6286442e+000
  2.3250000e+003  4.6299006e+000
  2.3260000e+003  4.6311992e+000
  2.3270000e+003  4.6325435e+000
  2.3280000e+003  4.6339368e+000
  2.3290000e+003  4.6353817e+000
  2.3300000e+003  4.6368807e+000
  2.3310000e+003  4.6384354e+000
  2.3320000e+003  4.6400472e+000
  2.3330000e+003  4.6417167e+000
  2.3340000e+003  4.6434439e+000
  2.3350000e+003  4.6452280e+000
  2.3360000e+003  4.6470673e+000
  2.3370000e+003  4.6489590e+000
  2.3380000e+003  4.6508993e+000
  2.3390000e+003  4.6528830e+000
  2.3400000e+003  4.6549034e+000
  2.3410000e+003  4.6569522e+000
  2.3420000e+003  4.6590190e+000
  2.3430000e+003  4.6610915e+000
  2.3440000e+003  4.6631547e+000
  2.3450000e+003  4.6651912e+000
  2.3460000e+003  4.6671802e+000
  2.3470000e+003  4.6690982e+000
  2.3480000e+003  4.6709176e+000
  2.3490000e+003  4.6726074e+000
  2.3500000e+003  4.6741323e+000
  2.3510000e+003  4.6754527e+000
  2.3520000e+003  4.6765247e+000
  2.3530000e+003  4.6772996e+000
  2.3540000e+003  4.6777239e+000
  2.3550000e+003  4.6777396e+000
  2.3560000e+003  4.6772840e+000
  2.3570000e+003  4.6762899e+000
  2.3580000e+003  4.6746861e+000
  2.3590000e+003  4.6723974e+000
  2.3600000e+003  4.6693458e+000
  2.3610000e+003  4.6654506e+000
  2.3620000e+003  4.6606297e+000
  2.3630000e+003  4.6548002e+000
  2.3640000e+003  4.6478801e+000
  2.3650000e+003  4.6397893e+000
  2.3660000e+003  4.6304508e+000
  2.3670000e+003  4.6197931e+000
  2.3680000e+003  4.6077512e+000
  2.3690000e+003  4.5942687e+000
  2.3700000e+003  4.5792998e+000
  2.3710000e+003  4.5628108e+000
  2.3720000e+003  4.5447826e+000
  2.3730000e+003  4.5252118e+000
  2.3740000e+003  4.5041130e+000
  2.3750000e+003  4.4815200e+000
  2.3760000e+003  4.4574873e+000
  2.3770000e+003  4.4320909e+000
  2.3780000e+003  4.4054294e+000
  2.3790000e+003  4.3776241e+000
  2.3800000e+003  4.3488187e+000
  2.3810000e+003  4.3191797e+000
  2.3820000e+003  4.2888943e+000
  2.3830000e+003  4.2581699e+000
  2.3840000e+003  4.2272318e+000
  2.3850000e+003  4.1963208e+000
  2.3860000e+003  4.1656908e+000
  2.3870000e+003  4.1356053e+000
  2.3880000e+003  4.1063341e+000
  2.3890000e+003  4.0781495e+000
  2.3900000e+003  4.0513223e+000
  2.3910000e+003  4.0261181e+000
  2.3920000e+003  4.0027927e+000
  2.3930000e+003  3.9815883e+000
  2.3940000e+003  3.9627296e+000
  2.3950000e+003  3.9464202e+000
  2.3960000e+003  3.9328388e+000
  2.3970000e+003  3.9221368e+000
  2.3980000e+003  3.9144352e+000
  2.3990000e+003  3.9098227e+000
  2.4000000e+003  3.9083541e+000
