  0.0000000e+000  4.2820776e+000
  1.0000000e+000  4.3260950e+000
  2.0000000e+000  4.4536478e+000
  3.0000000e+000  4.6519741e+000
  4.0000000e+000  4.9020942e+000
  5.0000000e+000  5.1817172e+000
  6.0000000e+000  5.4684012e+000
  7.0000000e+000  5.7423617e+000
  8.0000000e+000  5.9884648e+000
  9.0000000e+000  6.1971792e+000
  1.0000000e+001  6.3645124e+000
  1.1000000e+001  6.4911547e+000
  1.2000000e+001  6.5811654e+000
  1.3000000e+001  6.6405419e+000
  1.4000000e+001  6.6759444e+000
  1.5000000e+001  6.6937391e+000
  1.6000000e+001  6.6994124e+000
  1.7000000e+001  6.6973190e+000
  1.8000000e+001  6.6906796e+000
  1.9000000e+001  6.6817280e+000
  2.0000000e+001  6.6719191e+000
  2.1000000e+001  6.6621385e+000
  2.2000000e+001  6.6528770e+000
  2.3000000e+001  6.6443631e+000
  2.4000000e+001  6.6366551e+000
  2.5000000e+001  6.6297053e+000
  2.6000000e+001  6.6234064e+000
  2.7000000e+001  6.6176275e+000
  2.8000000e+001  6.6122423e+000
  2.9000000e+001  6.6071505e+000
  3.0000000e+001  6.6022890e+000
  3.1000000e+001  6.5976351e+000
  3.2000000e+001  6.5931993e+000
  3.3000000e+001  6.5890130e+000
  3.4000000e+001  6.5851127e+000
  3.5000000e+001  6.5815272e+000
  3.6000000e+001  6.5782676e+000
  3.7000000e+001  6.5753252e+000
  3.8000000e+001  6.5726724e+000
  3.9000000e+001  6.5702684e+000
  4.0000000e+001  6.5680640e+000
  4.1000000e+001  6.5660056e+000
  4.2000000e+001  6.5640366e+000
  4.3000000e+001  6.5620983e+000
  4.4000000e+001  6.5601314e+000
  4.5000000e+001  6.5580802e+000
  4.6000000e+001  6.5558993e+000
  4.7000000e+001  6.5535637e+000
  4.8000000e+001  6.5510772e+000
  4.9000000e+001  6.5484787e+000
  5.0000000e+001  6.5458418e+000
  5.1000000e+001  6.5432677e+000
  5.2000000e+001  6.5408714e+000
  5.3000000e+001  6.5387633e+000
  5.4000000e+001  6.5370319e+000
  5.5000000e+001  6.5357285e+000
  5.6000000e+001  6.5348601e+000
  5.7000000e+001  6.5343884e+000
  5.8000000e+001  6.5342373e+000
  5.9000000e+001  6.5343041e+000
  6.0000000e+001  6.5344726e+000
  6.1000000e+001  6.5346260e+000
  6.2000000e+001  6.5346565e+000
  6.3000000e+001  6.5344734e+000
  6.4000000e+001  6.5340083e+000
  6.5000000e+001  6.5332189e+000
  6.6000000e+001  6.5320922e+000
  6.7000000e+001  6.5306462e+000
  6.8000000e+001  6.5289294e+000
  6.9000000e+001  6.5270174e+000
  7.0000000e+001  6.5250062e+000
  7.1000000e+001  6.5230021e+000
  7.2000000e+001  6.5211083e+000
  7.3000000e+001  6.5194124e+000
  7.4000000e+001  6.5179747e+000
  7.5000000e+001  6.5168207e+000
  7.6000000e+001  6.5159387e+000
  7.7000000e+001  6.5152836e+000
  7.8000000e+001  6.5147853e+000
  7.9000000e+001  6.5143601e+000
  8.0000000e+001  6.5139242e+000
  8.1000000e+001  6.5134049e+000
  8.2000000e+001  6.5127503e+000
  8.3000000e+001  6.5119340e+000
  8.4000000e+001  6.5109562e+000
  8.5000000e+001  6.5098408e+000
  8.6000000e+001  6.5086296e+000
  8.7000000e+001  6.5073744e+000
  8.8000000e+001  6.5061303e+000
  8.9000000e+001  6.5049488e+000
  9.0000000e+001  6.5038746e+000
  9.1000000e+001  6.5029434e+000
  9.2000000e+001  6.5021833e+000
  9.3000000e+001  6.5016152e+000
  9.4000000e+001  6.5012541e+000
  9.5000000e+001  6.5011083e+000
  9.6000000e+001  6.5011767e+000
  9.7000000e+001  6.5014456e+000
  9.8000000e+001  6.5018848e+000
  9.9000000e+001  6.5024465e+000
  1.0000000e+002  6.5030663e+000
  1.0100000e+002  6.5036684e+000
  1.0200000e+002  6.5041740e+000
  1.0300000e+002  6.5045104e+000
  1.0400000e+002  6.5046215e+000
  1.0500000e+002  6.5044754e+000
  1.0600000e+002  6.5040684e+000
  1.0700000e+002  6.5034246e+000
  1.0800000e+002  6.5025907e+000
  1.0900000e+002  6.5016260e+000
  1.1000000e+002  6.5005910e+000
  1.1100000e+002  6.4995367e+000
  1.1200000e+002  6.4984974e+000
  1.1300000e+002  6.4974910e+000
  1.1400000e+002  6.4965231e+000
  1.1500000e+002  6.4955949e+000
  1.1600000e+002  6.4947085e+000
  1.1700000e+002  6.4938676e+000
  1.1800000e+002  6.4930715e+000
  1.1900000e+002  6.4923063e+000
  1.2000000e+002  6.4915407e+000
  1.2100000e+002  6.4907290e+000
  1.2200000e+002  6.4898271e+000
  1.2300000e+002  6.4888149e+000
  1.2400000e+002  6.4877173e+000
  1.2500000e+002  6.4866136e+000
  1.2600000e+002  6.4856271e+000
  1.2700000e+002  6.4848958e+000
  1.2800000e+002  6.4845314e+000
  1.2900000e+002  6.4845815e+000
  1.3000000e+002  6.4850096e+000
  1.3100000e+002  6.4857014e+000
  1.3200000e+002  6.4864980e+000
  1.3300000e+002  6.4872446e+000
  1.3400000e+002  6.4878376e+000
  1.3500000e+002  6.4882532e+000
  1.3600000e+002  6.4885460e+000
  1.3700000e+002  6.4888162e+000
  1.3800000e+002  6.4891570e+000
  1.3900000e+002  6.4896000e+000
  1.4000000e+002  6.4900786e+000
  1.4100000e+002  6.4904245e+000
  1.4200000e+002  6.4904023e+000
  1.4300000e+002  6.4897746e+000
  1.4400000e+002  6.4883803e+000
  1.4500000e+002  6.4862032e+000
  1.4600000e+002  6.4834101e+000
  1.4700000e+002  6.4803432e+000
  1.4800000e+002  6.4774662e+000
  1.4900000e+002  6.4752736e+000
  1.5000000e+002  6.4741845e+000
  1.5100000e+002  6.4744463e+000
  1.5200000e+002  6.4760725e+000
  1.5300000e+002  6.4788299e+000
  1.5400000e+002  6.4822762e+000
  1.5500000e+002  6.4858428e+000
  1.5600000e+002  6.4889406e+000
  1.5700000e+002  6.4910698e+000
  1.5800000e+002  6.4919104e+000
  1.5900000e+002  6.4913788e+000
  1.6000000e+002  6.4896409e+000
  1.6100000e+002  6.4870799e+000
  1.6200000e+002  6.4842263e+000
  1.6300000e+002  6.4816619e+000
  1.6400000e+002  6.4799159e+000
  1.6500000e+002  6.4793720e+000
  1.6600000e+002  6.4802045e+000
  1.6700000e+002  6.4823526e+000
  1.6800000e+002  6.4855363e+000
  1.6900000e+002  6.4893043e+000
  1.7000000e+002  6.4931030e+000
  1.7100000e+002  6.4963501e+000
  1.7200000e+002  6.4985033e+000
  1.7300000e+002  6.4991197e+000
  1.7400000e+002  6.4979051e+000
  1.7500000e+002  6.4947562e+000
  1.7600000e+002  6.4897928e+000
  1.7700000e+002  6.4833733e+000
  1.7800000e+002  6.4760817e+000
  1.7900000e+002  6.4686769e+000
  1.8000000e+002  6.4620008e+000
  1.8100000e+002  6.4568561e+000
  1.8200000e+002  6.4538757e+000
  1.8300000e+002  6.4534142e+000
  1.8400000e+002  6.4554881e+000
  1.8500000e+002  6.4597824e+000
  1.8600000e+002  6.4657195e+000
  1.8700000e+002  6.4725742e+000
  1.8800000e+002  6.4796006e+000
  1.8900000e+002  6.4861416e+000
  1.9000000e+002  6.4916954e+000
  1.9100000e+002  6.4959317e+000
  1.9200000e+002  6.4986658e+000
  1.9300000e+002  6.4998106e+000
  1.9400000e+002  6.4993310e+000
  1.9500000e+002  6.4972224e+000
  1.9600000e+002  6.4935210e+000
  1.9700000e+002  6.4883434e+000
  1.9800000e+002  6.4819371e+000
  1.9900000e+002  6.4747185e+000
  2.0000000e+002  6.4672757e+000
  2.0100000e+002  6.4603224e+000
  2.0200000e+002  6.4546050e+000
  2.0300000e+002  6.4507806e+000
  2.0400000e+002  6.4492960e+000
  2.0500000e+002  6.4502991e+000
  2.0600000e+002  6.4536086e+000
  2.0700000e+002  6.4587508e+000
  2.0800000e+002  6.4650538e+000
  2.0900000e+002  6.4717760e+000
  2.1000000e+002  6.4782370e+000
  2.1100000e+002  6.4839213e+000
  2.1200000e+002  6.4885358e+000
  2.1300000e+002  6.4920141e+000
  2.1400000e+002  6.4944742e+000
  2.1500000e+002  6.4961428e+000
  2.1600000e+002  6.4972653e+000
  2.1700000e+002  6.4980186e+000
  2.1800000e+002  6.4984418e+000
  2.1900000e+002  6.4983984e+000
  2.2000000e+002  6.4975761e+000
  2.2100000e+002  6.4955321e+000
  2.2200000e+002  6.4917797e+000
  2.2300000e+002  6.4859090e+000
  2.2400000e+002  6.4777216e+000
  2.2500000e+002  6.4673507e+000
  2.2600000e+002  6.4553340e+000
  2.2700000e+002  6.4426108e+000
  2.2800000e+002  6.4304278e+000
  2.2900000e+002  6.4201595e+000
  2.3000000e+002  6.4130765e+000
  2.3100000e+002  6.4101100e+000
  2.3200000e+002  6.4116701e+000
  2.3300000e+002  6.4175633e+000
  2.3400000e+002  6.4270301e+000
  2.3500000e+002  6.4388916e+000
  2.3600000e+002  6.4517679e+000
  2.3700000e+002  6.4643122e+000
  2.3800000e+002  6.4754117e+000
  2.3900000e+002  6.4843148e+000
  2.4000000e+002  6.4906749e+000
  2.4100000e+002  6.4945174e+000
  2.4200000e+002  6.4961551e+000
  2.4300000e+002  6.4960807e+000
  2.4400000e+002  6.4948627e+000
  2.4500000e+002  6.4930587e+000
  2.4600000e+002  6.4911549e+000
  2.4700000e+002  6.4895310e+000
  2.4800000e+002  6.4884450e+000
  2.4900000e+002  6.4880332e+000
  2.5000000e+002  6.4883174e+000
  2.5100000e+002  6.4892159e+000
  2.5200000e+002  6.4905514e+000
  2.5300000e+002  6.4920557e+000
  2.5400000e+002  6.4933729e+000
  2.5500000e+002  6.4940667e+000
  2.5600000e+002  6.4936419e+000
  2.5700000e+002  6.4915891e+000
  2.5800000e+002  6.4874573e+000
  2.5900000e+002  6.4809520e+000
  2.6000000e+002  6.4720408e+000
  2.6100000e+002  6.4610411e+000
  2.6200000e+002  6.4486607e+000
  2.6300000e+002  6.4359623e+000
  2.6400000e+002  6.4242446e+000
  2.6500000e+002  6.4148501e+000
  2.6600000e+002  6.4089364e+000
  2.6700000e+002  6.4072613e+000
  2.6800000e+002  6.4100356e+000
  2.6900000e+002  6.4168808e+000
  2.7000000e+002  6.4269028e+000
  2.7100000e+002  6.4388636e+000
  2.7200000e+002  6.4514068e+000
  2.7300000e+002  6.4632828e+000
  2.7400000e+002  6.4735249e+000
  2.7500000e+002  6.4815466e+000
  2.7600000e+002  6.4871522e+000
  2.7700000e+002  6.4904750e+000
  2.7800000e+002  6.4918719e+000
  2.7900000e+002  6.4918057e+000
  2.8000000e+002  6.4907433e+000
  2.8100000e+002  6.4890867e+000
  2.8200000e+002  6.4871439e+000
  2.8300000e+002  6.4851335e+000
  2.8400000e+002  6.4832113e+000
  2.8500000e+002  6.4815030e+000
  2.8600000e+002  6.4801286e+000
  2.8700000e+002  6.4792095e+000
  2.8800000e+002  6.4788582e+000
  2.8900000e+002  6.4791552e+000
  2.9000000e+002  6.4801260e+000
  2.9100000e+002  6.4817287e+000
  2.9200000e+002  6.4838585e+000
  2.9300000e+002  6.4863703e+000
  2.9400000e+002  6.4891114e+000
  2.9500000e+002  6.4919531e+000
  2.9600000e+002  6.4948117e+000
  2.9700000e+002  6.4976481e+000
  2.9800000e+002  6.5004475e+000
  2.9900000e+002  6.5031804e+000
  3.0000000e+002  6.5057522e+000
  3.0100000e+002  6.5079523e+000
  3.0200000e+002  6.5094117e+000
  3.0300000e+002  6.5095819e+000
  3.0400000e+002  6.5077478e+000
  3.0500000e+002  6.5030855e+000
  3.0600000e+002  6.4947735e+000
  3.0700000e+002  6.4821535e+000
  3.0800000e+002  6.4649237e+000
  3.0900000e+002  6.4433286e+000
  3.1000000e+002  6.4182939e+000
  3.1100000e+002  6.3914570e+000
  3.1200000e+002  6.3650529e+000
  3.1300000e+002  6.3416502e+000
  3.1400000e+002  6.3237700e+000
  3.1500000e+002  6.3134633e+000
  3.1600000e+002  6.3119402e+000
  3.1700000e+002  6.3193422e+000
  3.1800000e+002  6.3347167e+000
  3.1900000e+002  6.3561997e+000
  3.2000000e+002  6.3813606e+000
  3.2100000e+002  6.4076233e+000
  3.2200000e+002  6.4326661e+000
  3.2300000e+002  6.4547175e+000
  3.2400000e+002  6.4727042e+000
  3.2500000e+002  6.4862467e+000
  3.2600000e+002  6.4955389e+000
  3.2700000e+002  6.5011613e+000
  3.2800000e+002  6.5038858e+000
  3.2900000e+002  6.5045107e+000
  3.3000000e+002  6.5037491e+000
  3.3100000e+002  6.5021720e+000
  3.3200000e+002  6.5001951e+000
  3.3300000e+002  6.4980920e+000
  3.3400000e+002  6.4960163e+000
  3.3500000e+002  6.4940249e+000
  3.3600000e+002  6.4920962e+000
  3.3700000e+002  6.4901484e+000
  3.3800000e+002  6.4880610e+000
  3.3900000e+002  6.4857052e+000
  3.4000000e+002  6.4829830e+000
  3.4100000e+002  6.4798684e+000
  3.4200000e+002  6.4764417e+000
  3.4300000e+002  6.4729032e+000
  3.4400000e+002  6.4695582e+000
  3.4500000e+002  6.4667700e+000
  3.4600000e+002  6.4648878e+000
  3.4700000e+002  6.4641653e+000
  3.4800000e+002  6.4646926e+000
  3.4900000e+002  6.4663594e+000
  3.5000000e+002  6.4688641e+000
  3.5100000e+002  6.4717684e+000
  3.5200000e+002  6.4745855e+000
  3.5300000e+002  6.4768816e+000
  3.5400000e+002  6.4783636e+000
  3.5500000e+002  6.4789332e+000
  3.5600000e+002  6.4786958e+000
  3.5700000e+002  6.4779225e+000
  3.5800000e+002  6.4769798e+000
  3.5900000e+002  6.4762436e+000
  3.6000000e+002  6.4760222e+000
  3.6100000e+002  6.4765031e+000
  3.6200000e+002  6.4777357e+000
  3.6300000e+002  6.4796462e+000
  3.6400000e+002  6.4820792e+000
  3.6500000e+002  6.4848475e+000
  3.6600000e+002  6.4877776e+000
  3.6700000e+002  6.4907378e+000
  3.6800000e+002  6.4936421e+000
  3.6900000e+002  6.4964314e+000
  3.7000000e+002  6.4990359e+000
  3.7100000e+002  6.5013253e+000
  3.7200000e+002  6.5030594e+000
  3.7300000e+002  6.5038473e+000
  3.7400000e+002  6.5031306e+000
  3.7500000e+002  6.5002016e+000
  3.7600000e+002  6.4942710e+000
  3.7700000e+002  6.4845888e+000
  3.7800000e+002  6.4706133e+000
  3.7900000e+002  6.4522052e+000
  3.8000000e+002  6.4298050e+000
  3.8100000e+002  6.4045417e+000
  3.8200000e+002  6.3782248e+000
  3.8300000e+002  6.3531856e+000
  3.8400000e+002  6.3319762e+000
  3.8500000e+002  6.3169709e+000
  3.8600000e+002  6.3099526e+000
  3.8700000e+002  6.3117813e+000
  3.8800000e+002  6.3222270e+000
  3.8900000e+002  6.3400117e+000
  3.9000000e+002  6.3630493e+000
  3.9100000e+002  6.3888226e+000
  3.9200000e+002  6.4148054e+000
  3.9300000e+002  6.4388355e+000
  3.9400000e+002  6.4593651e+000
  3.9500000e+002  6.4755597e+000
  3.9600000e+002  6.4872542e+000
  3.9700000e+002  6.4948073e+000
  3.9800000e+002  6.4989087e+000
  3.9900000e+002  6.5003904e+000
  4.0000000e+002  6.5000740e+000
  4.0100000e+002  6.4986721e+000
  4.0200000e+002  6.4967395e+000
  4.0300000e+002  6.4946633e+000
  4.0400000e+002  6.4926755e+000
  4.0500000e+002  6.4908755e+000
  4.0600000e+002  6.4892553e+000
  4.0700000e+002  6.4877256e+000
  4.0800000e+002  6.4861445e+000
  4.0900000e+002  6.4843517e+000
  4.1000000e+002  6.4822097e+000
  4.1100000e+002  6.4796459e+000
  4.1200000e+002  6.4766902e+000
  4.1300000e+002  6.4734948e+000
  4.1400000e+002  6.4703273e+000
  4.1500000e+002  6.4675344e+000
  4.1600000e+002  6.4654786e+000
  4.1700000e+002  6.4644629e+000
  4.1800000e+002  6.4646610e+000
  4.1900000e+002  6.4660699e+000
  4.2000000e+002  6.4684981e+000
  4.2100000e+002  6.4715892e+000
  4.2200000e+002  6.4748729e+000
  4.2300000e+002  6.4778309e+000
  4.2400000e+002  6.4799619e+000
  4.2500000e+002  6.4808383e+000
  4.2600000e+002  6.4801521e+000
  4.2700000e+002  6.4777513e+000
  4.2800000e+002  6.4736702e+000
  4.2900000e+002  6.4681497e+000
  4.3000000e+002  6.4616409e+000
  4.3100000e+002  6.4547796e+000
  4.3200000e+002  6.4483243e+000
  4.3300000e+002  6.4430560e+000
  4.3400000e+002  6.4396564e+000
  4.3500000e+002  6.4385869e+000
  4.3600000e+002  6.4399995e+000
  4.3700000e+002  6.4437043e+000
  4.3800000e+002  6.4492043e+000
  4.3900000e+002  6.4557899e+000
  4.4000000e+002  6.4626702e+000
  4.4100000e+002  6.4691072e+000
  4.4200000e+002  6.4745229e+000
  4.4300000e+002  6.4785580e+000
  4.4400000e+002  6.4810789e+000
  4.4500000e+002  6.4821432e+000
  4.4600000e+002  6.4819423e+000
  4.4700000e+002  6.4807438e+000
  4.4800000e+002  6.4788465e+000
  4.4900000e+002  6.4765539e+000
  4.5000000e+002  6.4741625e+000
  4.5100000e+002  6.4719532e+000
  4.5200000e+002  6.4701788e+000
  4.5300000e+002  6.4690428e+000
  4.5400000e+002  6.4686723e+000
  4.5500000e+002  6.4690959e+000
  4.5600000e+002  6.4702348e+000
  4.5700000e+002  6.4719156e+000
  4.5800000e+002  6.4739037e+000
  4.5900000e+002  6.4759504e+000
  4.6000000e+002  6.4778414e+000
  4.6100000e+002  6.4794347e+000
  4.6200000e+002  6.4806774e+000
  4.6300000e+002  6.4816022e+000
  4.6400000e+002  6.4823049e+000
  4.6500000e+002  6.4829136e+000
  4.6600000e+002  6.4835585e+000
  4.6700000e+002  6.4843493e+000
  4.6800000e+002  6.4853641e+000
  4.6900000e+002  6.4866489e+000
  4.7000000e+002  6.4882242e+000
  4.7100000e+002  6.4900947e+000
  4.7200000e+002  6.4922579e+000
  4.7300000e+002  6.4947105e+000
  4.7400000e+002  6.4974502e+000
  4.7500000e+002  6.5004753e+000
  4.7600000e+002  6.5037811e+000
  4.7700000e+002  6.5073541e+000
  4.7800000e+002  6.5111627e+000
  4.7900000e+002  6.5151429e+000
  4.8000000e+002  6.5191749e+000
  4.8100000e+002  6.5230492e+000
  4.8200000e+002  6.5264174e+000
  4.8300000e+002  6.5287325e+000
  4.8400000e+002  6.5291854e+000
  4.8500000e+002  6.5266580e+000
  4.8600000e+002  6.5197207e+000
  4.8700000e+002  6.5067079e+000
  4.8800000e+002  6.4859006e+000
  4.8900000e+002  6.4558254e+000
  4.9000000e+002  6.4156474e+000
  4.9100000e+002  6.3655922e+000
  4.9200000e+002  6.3072964e+000
  4.9300000e+002  6.2439691e+000
  4.9400000e+002  6.1802637e+000
  4.9500000e+002  6.1218163e+000
  4.9600000e+002  6.0744887e+000
  4.9700000e+002  6.0434476e+000
  4.9800000e+002  6.0322722e+000
  4.9900000e+002  6.0423017e+000
  5.0000000e+002  6.0723813e+000
  5.0100000e+002  6.1190744e+000
  5.0200000e+002  6.1772846e+000
  5.0300000e+002  6.2411358e+000
  5.0400000e+002  6.3049023e+000
  5.0500000e+002  6.3637913e+000
  5.0600000e+002  6.4144398e+000
  5.0700000e+002  6.4550772e+000
  5.0800000e+002  6.4853898e+000
  5.0900000e+002  6.5061834e+000
  5.1000000e+002  6.5189585e+000
  5.1100000e+002  6.5255050e+000
  5.1200000e+002  6.5275826e+000
  5.1300000e+002  6.5267172e+000
  5.1400000e+002  6.5241082e+000
  5.1500000e+002  6.5206202e+000
  5.1600000e+002  6.5168274e+000
  5.1700000e+002  6.5130802e+000
  5.1800000e+002  6.5095720e+000
  5.1900000e+002  6.5063959e+000
  5.2000000e+002  6.5035852e+000
  5.2100000e+002  6.5011392e+000
  5.2200000e+002  6.4990369e+000
  5.2300000e+002  6.4972434e+000
  5.2400000e+002  6.4957114e+000
  5.2500000e+002  6.4943816e+000
  5.2600000e+002  6.4931831e+000
  5.2700000e+002  6.4920365e+000
  5.2800000e+002  6.4908600e+000
  5.2900000e+002  6.4895792e+000
  5.3000000e+002  6.4881391e+000
  5.3100000e+002  6.4865174e+000
  5.3200000e+002  6.4847337e+000
  5.3300000e+002  6.4828526e+000
  5.3400000e+002  6.4809764e+000
  5.3500000e+002  6.4792278e+000
  5.3600000e+002  6.4777238e+000
  5.3700000e+002  6.4765465e+000
  5.3800000e+002  6.4757173e+000
  5.3900000e+002  6.4751812e+000
  5.4000000e+002  6.4748063e+000
  5.4100000e+002  6.4744007e+000
  5.4200000e+002  6.4737447e+000
  5.4300000e+002  6.4726359e+000
  5.4400000e+002  6.4709379e+000
  5.4500000e+002  6.4686238e+000
  5.4600000e+002  6.4658041e+000
  5.4700000e+002  6.4627292e+000
  5.4800000e+002  6.4597600e+000
  5.4900000e+002  6.4573080e+000
  5.5000000e+002  6.4557548e+000
  5.5100000e+002  6.4553677e+000
  5.5200000e+002  6.4562331e+000
  5.5300000e+002  6.4582263e+000
  5.5400000e+002  6.4610285e+000
  5.5500000e+002  6.4641901e+000
  5.5600000e+002  6.4672247e+000
  5.5700000e+002  6.4697119e+000
  5.5800000e+002  6.4713836e+000
  5.5900000e+002  6.4721723e+000
  5.6000000e+002  6.4722122e+000
  5.6100000e+002  6.4717949e+000
  5.6200000e+002  6.4712935e+000
  5.6300000e+002  6.4710745e+000
  5.6400000e+002  6.4714196e+000
  5.6500000e+002  6.4724712e+000
  5.6600000e+002  6.4742100e+000
  5.6700000e+002  6.4764610e+000
  5.6800000e+002  6.4789185e+000
  5.6900000e+002  6.4811798e+000
  5.7000000e+002  6.4827780e+000
  5.7100000e+002  6.4832148e+000
  5.7200000e+002  6.4819959e+000
  5.7300000e+002  6.4786812e+000
  5.7400000e+002  6.4729532e+000
  5.7500000e+002  6.4647021e+000
  5.7600000e+002  6.4541126e+000
  5.7700000e+002  6.4417267e+000
  5.7800000e+002  6.4284526e+000
  5.7900000e+002  6.4154992e+000
  5.8000000e+002  6.4042298e+000
  5.8100000e+002  6.3959552e+000
  5.8200000e+002  6.3917074e+000
  5.8300000e+002  6.3920469e+000
  5.8400000e+002  6.3969517e+000
  5.8500000e+002  6.4058197e+000
  5.8600000e+002  6.4175821e+000
  5.8700000e+002  6.4309019e+000
  5.8800000e+002  6.4444052e+000
  5.8900000e+002  6.4568945e+000
  5.9000000e+002  6.4675002e+000
  5.9100000e+002  6.4757483e+000
  5.9200000e+002  6.4815473e+000
  5.9300000e+002  6.4851129e+000
  5.9400000e+002  6.4868612e+000
  5.9500000e+002  6.4872980e+000
  5.9600000e+002  6.4869276e+000
  5.9700000e+002  6.4861896e+000
  5.9800000e+002  6.4854273e+000
  5.9900000e+002  6.4848785e+000
  6.0000000e+002  6.4846808e+000
