  5.5155650e+000
  5.5926439e+000
  5.6688669e+000
  5.7436399e+000
  5.8163815e+000
  5.8865395e+000
  5.9536070e+000
  6.0170379e+000
  6.0745845e+000
  6.1265177e+000
  6.1738944e+000
  6.2174584e+000
  6.2577409e+000
  6.2951251e+000
  6.3298212e+000
  6.3617771e+000
  6.3913031e+000
  6.4186824e+000
  6.4441377e+000
  6.4678406e+000
  6.4899127e+000
  6.5104094e+000
  6.5293373e+000
  6.5468519e+000
  6.5631009e+000
  6.5781904e+000
  6.5922090e+000
  6.6052687e+000
  6.6173629e+000
  6.6285573e+000
  6.6389425e+000
  6.6485816e+000
  6.6575122e+000
  6.6657289e+000
  6.6734110e+000
  6.6803783e+000
  6.6869114e+000
  6.6928717e+000
  6.6983164e+000
  6.7034094e+000
  6.7081173e+000
  6.7124309e+000
  6.7163949e+000
  6.7200338e+000
  6.7233575e+000
  6.7263351e+000
  6.7292186e+000
  6.7318161e+000
  6.7341207e+000
  6.7361462e+000
  6.7380004e+000
  6.7397873e+000
  6.7412750e+000
  6.7426150e+000
  6.7438979e+000
  6.7446927e+000
  6.7459081e+000
  6.7466099e+000
  6.7474420e+000
  6.7479613e+000
  6.7485694e+000
  6.7488276e+000
  6.7493252e+000
  6.7491681e+000
  6.7497895e+000
  6.7497619e+000
  6.7499768e+000
  6.7500251e+000
  6.7495780e+000
  6.7499764e+000
  6.7497892e+000
  6.7494787e+000
  6.7495745e+000
  6.7492576e+000
  6.7487958e+000
  6.7488565e+000
  6.7484888e+000
  6.7474279e+000
  6.7478670e+000
  6.7475662e+000
  6.7468964e+000
  6.7464659e+000
  6.7464393e+000
  6.7460144e+000
  6.7451694e+000
  6.7448124e+000
  6.7447737e+000
  6.7443323e+000
  6.7435709e+000
  6.7424466e+000
  6.7428109e+000
  6.7424093e+000
  6.7418922e+000
  6.7409112e+000
  6.7401863e+000
  6.7404078e+000
  6.7399973e+000
  6.7394843e+000
  6.7386029e+000
  6.7367614e+000
  6.7377088e+000
  6.7375769e+000
  6.7370381e+000
  6.7365438e+000
  6.7355734e+000
  6.7335751e+000
  6.7347716e+000
  6.7348093e+000
  6.7344284e+000
  6.7340525e+000
  6.7333348e+000
  6.7321127e+000
  6.7308838e+000
  6.7319340e+000
  6.7320568e+000
  6.7318048e+000
  6.7314318e+000
  6.7308975e+000
  6.7299972e+000
  6.7282812e+000
  6.7281880e+000
  6.7290909e+000
  6.7292618e+000
  6.7291028e+000
  6.7286439e+000
  6.7283143e+000
  6.7275921e+000
  6.7264617e+000
  6.7242246e+000
  6.7248902e+000
  6.7258850e+000
  6.7261711e+000
  6.7261015e+000
  6.7255661e+000
  6.7254000e+000
  6.7247535e+000
  6.7240765e+000
  6.7228350e+000
  6.7207177e+000
  6.7199758e+000
  6.7216794e+000
  6.7223649e+000
  6.7225461e+000
  6.7224815e+000
  6.7219637e+000
  6.7217789e+000
  6.7214207e+000
  6.7207785e+000
  6.7198196e+000
  6.7183982e+000
  6.7160375e+000
  6.7148556e+000
  6.7172016e+000
  6.7183254e+000
  6.7187845e+000
  6.7189534e+000
  6.7190343e+000
  6.7186008e+000
  6.7183584e+000
  6.7182705e+000
  6.7176180e+000
  6.7170886e+000
  6.7160835e+000
  6.7146189e+000
  6.7123312e+000
  6.7080855e+000
  6.7119742e+000
  6.7139261e+000
  6.7150825e+000
  6.7156471e+000
  6.7160563e+000
  6.7162241e+000
  6.7161207e+000
  6.7153289e+000
  6.7155832e+000
  6.7155238e+000
  6.7150163e+000
  6.7145763e+000
  6.7137340e+000
  6.7125970e+000
  6.7109596e+000
  6.7086075e+000
  6.7047513e+000
  6.7055698e+000
  6.7087878e+000
  6.7107606e+000
  6.7120661e+000
  6.7129184e+000
  6.7134914e+000
  6.7134300e+000
  6.7140059e+000
  6.7139179e+000
  6.7132821e+000
  6.7130327e+000
  6.7135774e+000
  6.7134716e+000
  6.7128126e+000
  6.7125260e+000
  6.7116572e+000
  6.7108033e+000
  6.7094281e+000
  6.7076675e+000
  6.7051990e+000
  6.7015885e+000
  6.6968004e+000
  6.7023193e+000
  6.7056256e+000
  6.7079016e+000
  6.7095036e+000
  6.7107526e+000
  6.7114983e+000
  6.7122491e+000
  6.7123730e+000
  6.7129070e+000
  6.7129403e+000
  6.7128654e+000
  6.7120362e+000
  6.7112934e+000
  6.7123420e+000
  6.7124834e+000
  6.7122337e+000
  6.7114375e+000
  6.7110640e+000
  6.7104127e+000
  6.7093616e+000
  6.7081586e+000
  6.7066486e+000
  6.7047279e+000
  6.7022659e+000
  6.6990650e+000
  6.6947340e+000
  6.6880649e+000
  6.6925634e+000
  6.6972488e+000
  6.7005168e+000
  6.7029603e+000
  6.7048297e+000
  6.7062596e+000
  6.7073523e+000
  6.7079741e+000
  6.7088037e+000
  6.7091410e+000
  6.7085971e+000
  6.7096467e+000
  6.7097511e+000
  6.7096445e+000
  6.7091245e+000
  6.7079005e+000
  6.7066761e+000
  6.7083574e+000
  6.7089085e+000
  6.7089380e+000
  6.7087402e+000
  6.7081318e+000
  6.7070437e+000
  6.7071473e+000
  6.7064874e+000
  6.7051246e+000
  6.7044083e+000
  6.7029409e+000
  6.7014009e+000
  6.6994242e+000
  6.6970518e+000
  6.6941175e+000
  6.6904814e+000
  6.6858623e+000
  6.6795951e+000
  6.6730217e+000
  6.6814313e+000
  6.6871375e+000
  6.6914505e+000
  6.6948573e+000
  6.6976303e+000
  6.6998792e+000
  6.7016937e+000
  6.7033099e+000
  6.7046347e+000
  6.7056033e+000
  6.7063972e+000
  6.7072802e+000
  6.7077190e+000
  6.7074215e+000
  6.7081222e+000
  6.7088871e+000
  6.7090834e+000
  6.7090904e+000
  6.7088372e+000
  6.7081947e+000
  6.7069442e+000
  6.7042538e+000
  6.7060684e+000
  6.7077227e+000
  6.7085319e+000
  6.7089198e+000
  6.7087651e+000
  6.7088519e+000
  6.7083959e+000
  6.7073249e+000
  6.7068410e+000
  6.7070592e+000
  6.7064869e+000
  6.7057640e+000
  6.7043624e+000
  6.7038549e+000
  6.7025796e+000
  6.7011123e+000
  6.6994299e+000
  6.6974746e+000
  6.6951641e+000
  6.6924537e+000
  6.6892436e+000
  6.6855250e+000
  6.6810625e+000
  6.6756508e+000
  6.6688956e+000
  6.6597836e+000
  6.6566592e+000
  6.6667937e+000
  6.6741734e+000
  6.6800151e+000
  6.6848223e+000
  6.6888249e+000
  6.6922671e+000
  6.6950933e+000
  6.6976020e+000
  6.6998384e+000
  6.7016726e+000
  6.7032359e+000
  6.7045186e+000
  6.7057702e+000
  6.7066273e+000
  6.7070308e+000
  6.7083825e+000
  6.7088671e+000
  6.7093194e+000
  6.7092250e+000
  6.7079091e+000
  6.7096282e+000
  6.7105942e+000
  6.7109558e+000
  6.7110200e+000
  6.7109140e+000
  6.7108300e+000
  6.7103710e+000
  6.7095940e+000
  6.7083525e+000
  6.7064115e+000
  6.7030520e+000
  6.7038829e+000
  6.7068932e+000
  6.7087038e+000
  6.7098770e+000
  6.7106174e+000
  6.7110683e+000
  6.7111617e+000
  6.7111863e+000
  6.7112901e+000
  6.7109747e+000
  6.7102339e+000
  6.7086539e+000
  6.7084768e+000
  6.7094005e+000
  6.7094466e+000
  6.7090422e+000
  6.7086399e+000
  6.7076758e+000
  6.7061412e+000
  6.7062123e+000
  6.7052816e+000
  6.7041458e+000
  6.7025082e+000
  6.7014065e+000
  6.6996151e+000
  6.6977342e+000
  6.6955305e+000
  6.6930949e+000
  6.6902257e+000
  6.6869941e+000
  6.6834281e+000
  6.6793300e+000
  6.6746197e+000
  6.6692140e+000
  6.6630035e+000
  6.6557422e+000
  6.6471089e+000
  6.6364027e+000
  6.6225248e+000
  6.6280127e+000
  6.6405616e+000
  6.6502680e+000
  6.6582510e+000
  6.6650173e+000
  6.6708302e+000
  6.6758664e+000
  6.6802863e+000
  6.6841241e+000
  6.6875017e+000
  6.6905257e+000
  6.6931703e+000
  6.6952371e+000
  6.6975174e+000
  6.6990905e+000
  6.7008399e+000
  6.7022472e+000
  6.7030603e+000
  6.7041957e+000
  6.7053969e+000
  6.7061131e+000
  6.7064494e+000
  6.7058507e+000
  6.7071080e+000
  6.7081047e+000
  6.7085357e+000
  6.7085877e+000
  6.7086585e+000
  6.7083124e+000
  6.7074697e+000
  6.7056202e+000
  6.7056099e+000
  6.7075573e+000
  6.7084896e+000
  6.7089461e+000
  6.7089842e+000
  6.7089391e+000
  6.7082071e+000
  6.7081478e+000
  6.7080377e+000
  6.7074226e+000
  6.7067585e+000
  6.7056956e+000
  6.7045757e+000
  6.7029868e+000
  6.7009195e+000
  6.6981468e+000
  6.6942684e+000
  6.6880302e+000
  6.6934268e+000
  6.6975570e+000
  6.7004500e+000
  6.7026405e+000
  6.7042637e+000
  6.7055438e+000
  6.7065705e+000
  6.7069698e+000
  6.7079321e+000
  6.7082612e+000
  6.7079824e+000
  6.7085205e+000
  6.7090794e+000
  6.7090847e+000
  6.7090433e+000
  6.7086567e+000
  6.7078643e+000
  6.7064209e+000
  6.7034988e+000
  6.7055106e+000
  6.7074591e+000
  6.7085481e+000
  6.7091140e+000
  6.7094101e+000
  6.7089633e+000
  6.7093945e+000
  6.7090952e+000
  6.7083756e+000
  6.7067946e+000
  6.7067526e+000
  6.7074923e+000
  6.7074685e+000
  6.7069042e+000
  6.7064252e+000
  6.7053567e+000
  6.7038609e+000
  6.7039251e+000
  6.7030909e+000
  6.7019636e+000
  6.6999612e+000
  6.6991683e+000
  6.6976831e+000
  6.6955963e+000
  6.6938186e+000
  6.6916152e+000
  6.6890444e+000
  6.6863717e+000
  6.6832946e+000
  6.6797182e+000
  6.6760896e+000
  6.6718894e+000
  6.6672059e+000
  6.6619775e+000
  6.6562282e+000
  6.6497646e+000
  6.6425302e+000
  6.6344313e+000
  6.6252651e+000
  6.6148597e+000
  6.6028668e+000
  6.5887468e+000
  6.5714676e+000
  6.5509302e+000
  6.5697793e+000
  6.5873889e+000
  6.6017797e+000
  6.6139608e+000
  6.6245269e+000
  6.6338285e+000
  6.6420380e+000
  6.6493901e+000
  6.6559487e+000
  6.6618220e+000
  6.6671091e+000
  6.6718627e+000
  6.6761575e+000
  6.6800289e+000
  6.6833506e+000
  6.6866318e+000
  6.6894257e+000
  6.6920116e+000
  6.6941170e+000
  6.6963992e+000
  6.6981132e+000
  6.6997367e+000
  6.7014992e+000
  6.7027559e+000
  6.7033274e+000
  6.7047732e+000
  6.7060726e+000
  6.7068860e+000
  6.7074635e+000
  6.7073928e+000
  6.7073870e+000
  6.7090757e+000
  6.7098143e+000
  6.7102256e+000
  6.7105418e+000
  6.7105324e+000
  6.7101382e+000
  6.7090897e+000
  6.7067178e+000
  6.7095553e+000
  6.7108303e+000
  6.7114816e+000
  6.7117140e+000
  6.7117843e+000
  6.7108885e+000
  6.7115233e+000
  6.7112531e+000
  6.7107363e+000
  6.7099459e+000
  6.7088449e+000
  6.7071979e+000
  6.7047781e+000
  6.7006997e+000
  6.7024426e+000
  6.7056270e+000
  6.7076283e+000
  6.7089618e+000
  6.7098576e+000
  6.7103712e+000
  6.7106988e+000
  6.7105301e+000
  6.7108945e+000
  6.7106687e+000
  6.7100477e+000
  6.7085430e+000
  6.7086790e+000
  6.7092893e+000
  6.7092087e+000
  6.7087751e+000
  6.7079493e+000
  6.7068366e+000
  6.7064951e+000
  6.7054711e+000
  6.7040673e+000
  6.7028193e+000
  6.7010779e+000
  6.6989672e+000
  6.6966814e+000
  6.6940070e+000
  6.6907098e+000
  6.6867515e+000
  6.6819056e+000
  6.6757770e+000
  6.6672994e+000
  6.6670120e+000
  6.6754853e+000
  6.6815771e+000
  6.6863661e+000
  6.6902680e+000
  6.6935049e+000
  6.6961899e+000
  6.6984563e+000
  6.7004228e+000
  6.7020097e+000
  6.7033992e+000
  6.7043913e+000
  6.7055877e+000
  6.7062606e+000
  6.7058749e+000
  6.7075513e+000
  6.7081643e+000
  6.7084581e+000
  6.7084331e+000
  6.7078467e+000
  6.7057594e+000
  6.7082371e+000
  6.7092226e+000
  6.7096147e+000
  6.7097371e+000
  6.7093331e+000
  6.7093387e+000
  6.7091814e+000
  6.7085236e+000
  6.7078972e+000
  6.7068541e+000
  6.7054194e+000
  6.7034138e+000
  6.7005738e+000
  6.6961209e+000
  6.6963768e+000
  6.7009938e+000
  6.7040383e+000
  6.7062554e+000
  6.7079134e+000
  6.7091831e+000
  6.7101959e+000
  6.7105234e+000
  6.7115984e+000
  6.7119302e+000
  6.7115368e+000
  6.7123200e+000
  6.7128718e+000
  6.7129232e+000
  6.7129562e+000
  6.7126458e+000
  6.7119834e+000
  6.7107874e+000
  6.7085361e+000
  6.7078429e+000
  6.7109491e+000
  6.7127268e+000
  6.7138943e+000
  6.7146411e+000
  6.7152137e+000
  6.7152415e+000
  6.7157383e+000
  6.7158577e+000
  6.7157478e+000
  6.7152218e+000
  6.7139370e+000
  6.7130962e+000
  6.7151109e+000
  6.7159916e+000
  6.7164363e+000
  6.7163906e+000
  6.7165263e+000
  6.7162642e+000
  6.7154942e+000
  6.7134498e+000
  6.7150755e+000
  6.7153753e+000
  6.7151431e+000
  6.7147886e+000
  6.7140046e+000
  6.7121442e+000
  6.7127319e+000
  6.7123348e+000
  6.7115327e+000
  6.7102989e+000
  6.7089252e+000
  6.7082685e+000
  6.7070184e+000
  6.7051736e+000
  6.7037849e+000
  6.7021088e+000
  6.6998498e+000
  6.6978901e+000
  6.6955075e+000
  6.6927483e+000
  6.6899874e+000
  6.6867055e+000
  6.6833031e+000
  6.6794938e+000
  6.6751564e+000
  6.6706969e+000
  6.6657038e+000
  6.6602209e+000
  6.6542232e+000
  6.6476474e+000
  6.6405111e+000
  6.6326425e+000
  6.6240625e+000
  6.6146303e+000
  6.6043296e+000
  6.5930045e+000
  6.5805137e+000
  6.5667364e+000
  6.5515087e+000
  6.5345193e+000
  6.5154909e+000
  6.4938020e+000
  6.4685576e+000
  6.4400177e+000
  6.4113859e+000
  6.4427099e+000
  6.4709657e+000
  6.4959046e+000
  6.5173449e+000
  6.5362076e+000
  6.5530617e+000
  6.5681853e+000
  6.5818791e+000
  6.5943046e+000
  6.6055702e+000
  6.6158645e+000
  6.6252502e+000
  6.6338251e+000
  6.6416150e+000
  6.6488275e+000
  6.6553727e+000
  6.6613653e+000
  6.6668671e+000
  6.6719053e+000
  6.6764647e+000
  6.6806148e+000
  6.6845332e+000
  6.6878598e+000
  6.6912769e+000
  6.6939425e+000
  6.6968410e+000
  6.6990344e+000
  6.7015206e+000
  6.7035401e+000
  6.7047341e+000
  6.7070232e+000
  6.7085567e+000
  6.7095942e+000
  6.7107012e+000
  6.7122142e+000
  6.7132010e+000
  6.7137962e+000
  6.7132597e+000
  6.7152627e+000
  6.7161587e+000
  6.7166546e+000
  6.7169521e+000
  6.7166709e+000
  6.7160593e+000
  6.7177440e+000
  6.7184125e+000
  6.7186780e+000
  6.7188279e+000
  6.7187154e+000
  6.7182105e+000
  6.7169363e+000
  6.7163248e+000
  6.7180639e+000
  6.7187813e+000
  6.7190055e+000
  6.7190675e+000
  6.7187215e+000
  6.7187439e+000
  6.7182691e+000
  6.7175347e+000
  6.7163204e+000
  6.7143310e+000
  6.7111963e+000
  6.7144284e+000
  6.7159532e+000
  6.7167745e+000
  6.7171708e+000
  6.7171118e+000
  6.7171407e+000
  6.7166179e+000
  6.7160825e+000
  6.7162587e+000
  6.7158057e+000
  6.7150698e+000
  6.7142699e+000
  6.7131649e+000
  6.7116576e+000
  6.7096643e+000
  6.7068777e+000
  6.7025776e+000
  6.7025090e+000
  6.7064589e+000
  6.7089162e+000
  6.7106021e+000
  6.7117583e+000
  6.7125631e+000
  6.7130788e+000
  6.7133231e+000
  6.7131714e+000
  6.7135532e+000
  6.7133712e+000
  6.7128242e+000
  6.7115334e+000
  6.7110524e+000
  6.7119587e+000
  6.7120396e+000
  6.7117069e+000
  6.7110910e+000
  6.7097065e+000
  6.7097132e+000
  6.7088570e+000
  6.7075275e+000
  6.7064692e+000
  6.7048764e+000
  6.7029720e+000
  6.7008133e+000
  6.6981430e+000
  6.6949097e+000
  6.6909035e+000
  6.6858068e+000
  6.6787806e+000
  6.6753599e+000
  6.6834855e+000
  6.6891273e+000
  6.6934756e+000
  6.6969593e+000
  6.6998103e+000
  6.7021494e+000
  6.7041156e+000
  6.7057697e+000
  6.7068266e+000
  6.7082798e+000
  6.7090794e+000
  6.7096607e+000
  6.7106780e+000
  6.7111523e+000
  6.7112383e+000
  6.7103887e+000
  6.7114673e+000
  6.7123083e+000
  6.7126549e+000
  6.7124017e+000
  6.7125391e+000
  6.7120792e+000
  6.7115213e+000
  6.7104855e+000
  6.7088050e+000
  6.7058756e+000
  6.7056635e+000
  6.7087467e+000
  6.7105388e+000
  6.7116713e+000
  6.7123627e+000
  6.7127727e+000
  6.7128094e+000
  6.7128188e+000
  6.7128726e+000
  6.7125230e+000
  6.7117698e+000
  6.7102312e+000
  6.7095174e+000
  6.7106931e+000
  6.7109370e+000
  6.7106977e+000
  6.7102352e+000
  6.7094553e+000
  6.7080289e+000
  6.7073451e+000
  6.7070553e+000
  6.7061054e+000
  6.7048827e+000
  6.7029477e+000
  6.7021491e+000
  6.7005578e+000
  6.6981984e+000
  6.6966571e+000
  6.6942200e+000
  6.6917909e+000
  6.6886809e+000
  6.6857202e+000
  6.6821419e+000
  6.6781409e+000
  6.6736792e+000
  6.6686600e+000
  6.6630202e+000
  6.6567065e+000
  6.6495255e+000
  6.6413362e+000
  6.6319049e+000
  6.6208354e+000
  6.6072921e+000
  6.5904645e+000
  6.5955036e+000
  6.6113323e+000
  6.6239753e+000
  6.6344643e+000
  6.6434420e+000
  6.6512508e+000
  6.6580913e+000
  6.6641753e+000
  6.6694992e+000
  6.6743378e+000
  6.6785924e+000
  6.6824082e+000
  6.6857902e+000
  6.6887098e+000
  6.6915406e+000
  6.6935911e+000
  6.6961409e+000
  6.6979049e+000
  6.6996363e+000
  6.7012270e+000
  6.7024552e+000
  6.7029485e+000
  6.7047799e+000
  6.7056539e+000
  6.7064000e+000
  6.7065371e+000
  6.7062549e+000
  6.7079985e+000
  6.7087147e+000
  6.7090360e+000
  6.7093550e+000
  6.7092965e+000
  6.7087747e+000
  6.7074423e+000
  6.7068472e+000
  6.7089185e+000
  6.7099119e+000
  6.7103798e+000
  6.7105857e+000
  6.7103881e+000
  6.7101052e+000
  6.7102162e+000
  6.7096643e+000
  6.7092641e+000
  6.7083700e+000
  6.7070783e+000
  6.7052507e+000
  6.7025094e+000
  6.6977678e+000
  6.7015624e+000
  6.7046473e+000
  6.7066670e+000
  6.7080518e+000
  6.7090186e+000
  6.7094985e+000
  6.7100473e+000
  6.7097363e+000
  6.7103111e+000
  6.7101714e+000
  6.7099227e+000
  6.7091044e+000
  6.7070895e+000
  6.7081561e+000
  6.7088187e+000
  6.7088447e+000
  6.7084753e+000
  6.7078918e+000
  6.7065309e+000
  6.7062647e+000
  6.7056813e+000
  6.7046221e+000
  6.7031388e+000
  6.7019999e+000
  6.7001074e+000
  6.6985173e+000
  6.6963039e+000
  6.6937412e+000
  6.6908243e+000
  6.6873757e+000
  6.6833581e+000
  6.6786299e+000
  6.6729377e+000
  6.6659416e+000
  6.6567452e+000
  6.6489950e+000
  6.6601887e+000
  6.6683539e+000
  6.6747401e+000
  6.6799809e+000
  6.6843645e+000
  6.6880788e+000
  6.6912499e+000
  6.6939640e+000
  6.6963116e+000
  6.6982850e+000
  6.7000217e+000
  6.7014831e+000
  6.7028401e+000
  6.7035492e+000
  6.7047550e+000
  6.7056953e+000
  6.7062303e+000
  6.7062923e+000
  6.7060702e+000
  6.7075405e+000
  6.7081086e+000
  6.7081661e+000
  6.7083697e+000
  6.7081455e+000
  6.7075008e+000
  6.7061879e+000
  6.7032628e+000
  6.7058871e+000
  6.7074371e+000
  6.7082371e+000
  6.7085861e+000
  6.7085452e+000
  6.7084903e+000
  6.7079317e+000
  6.7068766e+000
  6.7073924e+000
  6.7069974e+000
  6.7062166e+000
  6.7054167e+000
  6.7044731e+000
  6.7031842e+000
  6.7015389e+000
  6.6997070e+000
  6.6974400e+000
  6.6945575e+000
  6.6909657e+000
  6.6863122e+000
  6.6797257e+000
  6.6780692e+000
  6.6851393e+000
  6.6899981e+000
  6.6936938e+000
  6.6966357e+000
  6.6989570e+000
  6.7009005e+000
  6.7022881e+000
  6.7037593e+000
  6.7046648e+000
  6.7056236e+000
  6.7060904e+000
  6.7065367e+000
  6.7073314e+000
  6.7076094e+000
  6.7076632e+000
  6.7071347e+000
  6.7051826e+000
  6.7074399e+000
  6.7082614e+000
  6.7084500e+000
  6.7085318e+000
  6.7077219e+000
  6.7080655e+000
  6.7076791e+000
  6.7070391e+000
  6.7060737e+000
  6.7049325e+000
  6.7032712e+000
  6.7010408e+000
  6.6978601e+000
  6.6928239e+000
  6.6946631e+000
  6.6992684e+000
  6.7024033e+000
  6.7046981e+000
  6.7065092e+000
  6.7078921e+000
  6.7089552e+000
  6.7097629e+000
  6.7103330e+000
  6.7110011e+000
  6.7112501e+000
  6.7107908e+000
  6.7112378e+000
  6.7120357e+000
  6.7123058e+000
  6.7118382e+000
  6.7120804e+000
  6.7116641e+000
  6.7110066e+000
  6.7098962e+000
  6.7081635e+000
  6.7052897e+000
  6.7035841e+000
  6.7077732e+000
  6.7103143e+000
  6.7121016e+000
  6.7133771e+000
  6.7143450e+000
  6.7149475e+000
  6.7155654e+000
  6.7156357e+000
  6.7158610e+000
  6.7165382e+000
  6.7165989e+000
  6.7166227e+000
  6.7163110e+000
  6.7155927e+000
  6.7142283e+000
  6.7114252e+000
  6.7134310e+000
  6.7159383e+000
  6.7175112e+000
  6.7186065e+000
  6.7192519e+000
  6.7199064e+000
  6.7196511e+000
  6.7206535e+000
  6.7208119e+000
  6.7209004e+000
  6.7205779e+000
  6.7196156e+000
  6.7170577e+000
  6.7201784e+000
  6.7219568e+000
  6.7230745e+000
  6.7238284e+000
  6.7242358e+000
  6.7247335e+000
  6.7249739e+000
  6.7250911e+000
  6.7246474e+000
  6.7230107e+000
  6.7248271e+000
  6.7263331e+000
  6.7272053e+000
  6.7277774e+000
  6.7281607e+000
  6.7284158e+000
  6.7283599e+000
  6.7275252e+000
  6.7280037e+000
  6.7294332e+000
  6.7301471e+000
  6.7303574e+000
  6.7308653e+000
  6.7308408e+000
  6.7300298e+000
  6.7308649e+000
  6.7318406e+000
  6.7322648e+000
  6.7325304e+000
  6.7324590e+000
  6.7314410e+000
  6.7327146e+000
  6.7332496e+000
  6.7334087e+000
  6.7333227e+000
  6.7322597e+000
  6.7333765e+000
  6.7335751e+000
  6.7334701e+000
  6.7328177e+000
  6.7329827e+000
  6.7330183e+000
  6.7326966e+000
  6.7315510e+000
  6.7319285e+000
  6.7315277e+000
  6.7306404e+000
  6.7302003e+000
  6.7295593e+000
  6.7283820e+000
  6.7276964e+000
  6.7266414e+000
  6.7251565e+000
  6.7240991e+000
  6.7224029e+000
  6.7210147e+000
  6.7190852e+000
  6.7172017e+000
  6.7148690e+000
  6.7125954e+000
  6.7097204e+000
  6.7070583e+000
  6.7038818e+000
  6.7002433e+000
  6.6966648e+000
  6.6925576e+000
  6.6880760e+000
  6.6831814e+000
  6.6778820e+000
  6.6721756e+000
  6.6660222e+000
  6.6593560e+000
  6.6521198e+000
  6.6442469e+000
  6.6357642e+000
  6.6265052e+000
  6.6165469e+000
  6.6057604e+000
  6.5941069e+000
  6.5814872e+000
  6.5678633e+000
  6.5531492e+000
  6.5372648e+000
  6.5200378e+000
  6.5013268e+000
  6.4810938e+000
  6.4592471e+000
  6.4355975e+000
  6.4098914e+000
  6.3818143e+000
  6.3513079e+000
  6.3180536e+000
  6.2814907e+000
  6.2407227e+000
  6.1952088e+000
  6.1462769e+000
  6.0943275e+000
  6.0397611e+000
  5.9830239e+000
